1000
1000
1000
1001
1001
1002
1002
1003
1003
1003
1004
1005
1005
1005
1005
1005
1007
1008
1008
1008
1009
1009
1009
1009
1009
1010
1010
1010
1010
1011
1013
1014
1014
1015
1016
1016
1017
1017
1017
1017
1018
1018
1019
1020
1020
1021
1021
1021
1021
1021
1022
1022
1023
1023
1025
1025
1025
1026
1026
1026
1027
1027
1027
1028
1029
1029
1029
1029
1029
1029
1029
1030
1031
1031
1032
1032
1033
1033
1033
1034
1035
1036
1036
1036
1037
1038
1038
1038
1038
1038
1039
1043
1044
1045
1046
1046
1047
1048
1049
1050
1050
1051
1051
1051
1052
1054
1054
1055
1056
1056
1056
1057
1061
1062
1063
1063
1064
1064
1064
1064
1065
1072
1074
1082
1083
1084
1086
1087
1088
1090
1091
1092
1092
1096
1102
1123
1126
1128
1140
1145
1158
1161
1170
1199
1207
1213
1220
1234
1236
1242
1244
1259
1269
1306
1308
1316
1317
1329
1331
1334
1341
1352
1356
1360
1372
1373
1375
1378
1381
1384
1386
1391
1405
1415
1418
1419
1445
1459
1469
1473
1483
1488
1489
1492
1492
1495
1502
1504
1514
1527
1532
1532
1533
1537
1551
1559
1559
1561
1563
1574
1599
1599
1622
1649
1657
1670
1673
1706
1717
1719
1722
1725
1726
1726
1739
1746
1746
1758
1772
1776
1800
1808
1809
1810
1812
1824
1825
1827
1828
1839
1844
1851
1853
1854
1854
1857
1858
1868
1872
1884
1900
1902
1905
1910
1911
1929
1936
1960
1963
1967
1982
1993
1993
1998
1999
2007
2025
2031
2033
2037
2045
2053
2054
2058
2079
2119
2130
2156
2163
2167
2175
2176
2178
2181
2185
2185
2193
2205
2217
2219
2222
2233
2235
2237
2240
2293
2314
2332
2336
2344
2355
2377
2381
2382
2382
2406
2415
2426
2428
2432
2443
2453
2464
2474
2479
2479
2481
2482
2496
2511
2516
2526
2540
2567
2587
2612
2613
2614
2619
2622
2643
2665
2668
2679
2691
2694
2713
2724
2726
2740
2742
2754
2762
2764
2770
2780
2790
2801
2806
2813
2820
2826
2831
2834
2867
2876
2893
2898
2899
2917
2922
2952
2965
2969
2979
2984
2991
2991
3003
3024
3027
3028
3043
3055
3060
3065
3070
3092
3099
3103
3103
3104
3116
3142
3142
3146
3150
3167
3169
3180
3182
3187
3206
3207
3227
3262
3263
3263
3265
3267
3272
3272
3278
3295
3329
3337
3347
3348
3378
3387
3389
3423
3423
3424
3444
3449
3450
3472
3489
3494
3496
3497
3504
3525
3556
3573
3587
3596
3612
3612
3614
3626
3631
3632
3642
3645
3651
3652
3673
3688
3693
3699
3759
3765
3790
3791
3796
3798
3799
3804
3807
3812
3833
3839
3854
3861
3871
3894
3901
3932
3940
3948
3950
3979
3982
3995
3997
4004
4006
4027
4031
4033
4038
4056
4113
4117
4141
4150
4158
4159
4163
4163
4165
4189
4211
4235
4251
4257
4259
4261
4339
4345
4362
4365
4392
4394
4407
4407
4414
4417
4432
4497
4506
4508
4526
4545
4551
4573
4576
4598
4601
4619
4623
4654
4663
4756
4767
4775
4791
4797
4817
4827
4879
4900
4910
4911
4918
4933
4946
4958
4971
4974
4976
4979
4982
4987
4987
4988
4992
4999
5004
5006
5015
5030
5049
5068
5074
5089
5104
5117
5128
5129
5133
5143
5166
5184
5198
5200
5223
5224
5246
5246
5253
5257
5267
5281
5284
5287
5291
5311
5320
5326
5334
5336
5354
5355
5356
5358
5360
5389
5390
5392
5395
5418
5430
5492
5510
5524
5530
5537
5543
5574
5592
5592
5605
5615
5644
5659
5660
5660
5683
5684
5715
5739
5744
5750
5766
5771
5773
5790
5790
5801
5805
5815
5816
5826
5858
5864
5865
5868
5879
5883
5905
5906
5933
5938
5952
5954
5957
5972
5974
5974
5980
5993
5994
6011
6011
6041
6049
6050
6051
6068
6074
6081
6097
6098
6117
6130
6161
6173
6179
6181
6214
6219
6233
6233
6233
6241
6247
6285
6295
6343
6345
6360
6377
6383
6406
6419
6423
6428
6432
6433
6454
6466
6466
6472
6480
6480
6487
6488
6499
6499
6500
6504
6539
6550
6558
6571
6579
6597
6600
6604
6606
6639
6650
6671
6686
6691
6717
6722
6743
6772
6773
6774
6781
6786
6793
6796
6801
6810
6817
6848
6852
6854
6857
6882
6929
6944
6944
6957
6961
6963
6968
6968
6970
6978
7001
7005
7011
7030
7042
7049
7064
7072
7081
7089
7102
7102
7111
7125
7127
7134
7139
7139
7158
7159
7163
7168
7169
7195
7196
7206
7212
7226
7244
7264
7281
7288
7310
7322
7326
7332
7336
7369
7380
7405
7405
7409
7411
7438
7438
7452
7453
7461
7470
7480
7490
7500
7536
7541
7546
7549
7554
7573
7590
7592
7592
7593
7602
7644
7644
7644
7664
7672
7678
7692
7708
7742
7747
7748
7757
7759
7772
7775
7777
7796
7822
7840
7845
7850
7868
7897
7907
7911
7939
7956
7957
7978
7992
8007
8019
8037
8041
8059
8077
8083
8099
8105
8114
8126
8131
8146
8160
8162
8175
8180
8191
8208
8232
8232
8237
8239
8262
8281
8287
8297
8298
8302
8333
8336
8342
8345
8347
8358
8360
8361
8364
8373
8384
8384
8389
8392
8428
8445
8450
8454
8499
8502
8524
8527
8541
8541
8543
8567
8579
8586
8604
8616
8635
8653
8668
8668
8683
8691
8718
8721
8729
8737
8737
8749
8758
8761
8786
8807
8808
8818
8829
8843
8859
8866
8869
8871
8876
8886
8899
8921
8927
8948
8953
8954
8982
8990
9000
9004
9013
9021
9035
9043
9070
9079
9084
9092
9095
9104
9139
9154
9157
9158
9179
9181
9184
9188
9197
9199
9200
9204
9218
9220
9227
9247
9247
9249
9254
9260
9272
9273
9293
9304
9321
9323
9331
9359
9380
9390
9408
9424
9428
9430
9452
9454
9456
9481
9481
9523
9523
9534
9540
9547
9551
9556
9567
9578
9603
9608
9613
9624
9628
9636
9650
9667
9668
9671
9702
9712
9713
9714
9730
9730
9733
9739
9743
9754
9756
9763
9782
9819
9834
9842
9855
9857
9864
9887
9893
9906
9908
9927
9941
9968
9983
9984