1000
1000
1000
1000
1001
1001
1001
1002
1003
1003
1003
1003
1003
1003
1004
1004
1004
1005
1005
1005
1006
1006
1006
1006
1006
1006
1008
1008
1009
1009
1010
1010
1011
1011
1011
1011
1012
1012
1013
1013
1014
1014
1014
1014
1015
1015
1016
1016
1017
1017
1017
1018
1018
1019
1019
1020
1020
1020
1021
1021
1022
1022
1022
1023
1023
1024
1024
1024
1024
1025
1025
1026
1027
1027
1028
1028
1029
1029
1029
1029
1030
1030
1030
1030
1031
1031
1031
1031
1031
1032
1032
1032
1032
1032
1032
1032
1033
1033
1034
1034
1034
1035
1035
1035
1035
1035
1036
1036
1037
1037
1037
1037
1037
1037
1038
1038
1039
1039
1040
1040
1040
1040
1041
1041
1041
1043
1044
1044
1044
1044
1044
1045
1046
1046
1046
1047
1048
1048
1048
1048
1049
1050
1050
1050
1051
1051
1051
1052
1052
1053
1053
1053
1053
1053
1054
1055
1055
1056
1057
1057
1057
1057
1058
1058
1058
1058
1058
1058
1059
1060
1060
1061
1061
1061
1062
1063
1063
1063
1064
1064
1064
1064
1064
1064
1064
1064
1065
1065
1065
1066
1066
1066
1066
1067
1067
1068
1068
1068
1068
1068
1069
1069
1069
1069
1070
1071
1071
1072
1072
1072
1073
1073
1073
1073
1074
1074
1074
1074
1074
1075
1075
1075
1076
1076
1076
1076
1076
1077
1077
1078
1078
1079
1079
1079
1080
1080
1081
1081
1081
1081
1081
1081
1082
1082
1083
1083
1083
1083
1083
1083
1083
1084
1084
1084
1085
1086
1086
1086
1086
1086
1087
1087
1088
1089
1089
1090
1090
1090
1091
1091
1091
1091
1092
1092
1093
1093
1094
1094
1094
1095
1095
1095
1096
1096
1096
1097
1097
1097
1097
1098
1098
1098
1098
1099
1099
1099
1099
1099
1100
1100
1101
1101
1101
1102
1102
1102
1103
1103
1104
1104
1104
1105
1105
1105
1105
1106
1107
1107
1107
1107
1107
1107
1108
1108
1108
1108
1108
1109
1109
1109
1110
1110
1111
1111
1111
1111
1112
1113
1115
1115
1115
1116
1116
1117
1117
1117
1117
1117
1118
1119
1119
1119
1119
1120
1120
1120
1120
1120
1120
1121
1121
1121
1122
1122
1122
1122
1122
1122
1123
1123
1124
1124
1124
1124
1124
1125
1125
1126
1126
1127
1127
1127
1128
1128
1128
1128
1129
1129
1129
1130
1131
1131
1132
1132
1132
1133
1133
1133
1133
1133
1133
1134
1134
1135
1135
1135
1135
1136
1136
1137
1137
1137
1137
1137
1137
1137
1137
1137
1137
1138
1138
1139
1139
1140
1141
1141
1141
1141
1142
1142
1144
1144
1144
1144
1144
1145
1146
1146
1146
1147
1147
1147
1148
1148
1148
1148
1148
1149
1149
1149
1150
1150
1150
1150
1153
1153
1153
1153
1154
1154
1154
1154
1155
1155
1155
1155
1156
1156
1157
1158
1158
1158
1159
1159
1159
1159
1160
1160
1161
1161
1161
1161
1161
1161
1162
1162
1162
1162
1163
1163
1163
1164
1164
1164
1164
1164
1164
1165
1165
1165
1165
1166
1166
1166
1166
1167
1167
1167
1167
1167
1167
1167
1168
1168
1168
1169
1170
1170
1171
1171
1171
1172
1172
1173
1173
1173
1174
1174
1174
1174
1175
1175
1175
1175
1175
1176
1176
1176
1177
1177
1177
1178
1178
1178
1179
1179
1179
1179
1179
1180
1180
1181
1181
1182
1184
1184
1184
1185
1185
1185
1185
1185
1186
1186
1187
1187
1187
1187
1187
1187
1187
1188
1188
1188
1189
1189
1189
1189
1190
1190
1191
1191
1191
1191
1191
1192
1192
1192
1193
1193
1193
1194
1194
1194
1195
1195
1195
1196
1197
1197
1197
1197
1198
1198
1198
1199
1199
1199
1199
1199
1200
1201
1201
1201
1201
1202
1203
1204
1204
1205
1205
1205
1206
1206
1206
1207
1207
1208
1208
1208
1208
1208
1208
1209
1210
1210
1212
1212
1212
1213
1213
1213
1214
1215
1215
1215
1216
1216
1216
1217
1217
1217
1219
1220
1221
1221
1221
1221
1222
1222
1222
1222
1222
1222
1223
1223
1223
1224
1225
1225
1225
1225
1226
1226
1226
1226
1226
1227
1227
1228
1228
1228
1228
1228
1229
1229
1229
1230
1230
1230
1231
1231
1232
1233
1233
1233
1233
1233
1234
1235
1235
1235
1236
1236
1237
1237
1237
1237
1237
1237
1237
1238
1238
1239
1239
1239
1239
1240
1240
1240
1241
1241
1241
1241
1242
1243
1243
1243
1244
1244
1244
1244
1245
1246
1246
1246
1246
1246
1246
1246
1247
1247
1247
1247
1247
1248
1248
1248
1248
1249
1250
1250
1251
1252
1252
1252
1252
1252
1253
1254
1254
1255
1255
1255
1256
1256
1256
1256
1257
1257
1258
1258
1258
1258
1259
1259
1259
1259
1260
1261
1261
1261
1262
1262
1262
1263
1263
1263
1263
1264
1265
1266
1266
1267
1267
1267
1267
1267
1267
1268
1269
1269
1269
1270
1270
1270
1270
1271
1271
1272
1272
1273
1273
1273
1273
1274
1275
1275
1275
1277
1277
1277
1277
1277
1277
1278
1279
1279
1279
1280
1280
1281
1281
1281
1282
1282
1282
1282
1283
1283
1283
1283
1284
1284
1285
1285
1285
1286
1286
1286
1287
1287
1287
1287
1288
1288
1288
1289
1289
1289
1289
1290
1291
1291
1291
1291
1292
1292
1293
1293
1293
1293
1293
1293
1294
1294
1294
1294
1295
1295
1295
1295
1295
1295
1296
1297
1297
1297
1297
1298
1298
1298
1298
1299
1299
1300
1300
1300
1300
1301
1301
1301
1302
1302
1302
1303
1303
1303
1304
1304
1304
1304
1305
1306
1306
1306
1306
1306
1307
1307
1307
1307
1308
1308
1308
1308
1309
1309
1309
1309
1309
1310
1310
1310
1310
1311
1311
1311
1311
1312
1312
1312
1313
1313
1313
1314
1314
1315
1315
1315
1315
1316
1316
1316
1316
1317
1317
1317
1317
1317
1318
1318
1319
1320
1320
1320
1322
1324
1324
1324
1324
1325
1325
1325
1325
1325
1326
1326
1326
1327
1327
1327
1329
1329
1330
1330
1332
1332
1332
1333
1333
1333
1334
1334
1334
1334
1335
1335
1335
1336
1336
1336
1337
1338
1338
1338
1338
1338
1338
1339
1339
1339
1339
1340
1341
1341
1341
1342
1342
1342
1342
1343
1343
1343
1343
1343
1344
1344
1344
1344
1344
1345
1345
1345
1346
1347
1347
1347
1348
1348
1348
1348
1348
1349
1349
1349
1349
1350
1351
1351
1351
1351
1351
1351
1351
1352
1352
1352
1352
1353
1353
1353
1353
1353
1354
1355
1355
1356
1357
1357
1358
1358
1359
1359
1359
1360
1360
1360
1361
1362
1362
1362
1363
1363
1363
1363
1363
1364
1364
1364
1364
1365
1365
1365
1365
1365
1365
1366
1366
1366
1366
1366
1367
1367
1367
1367
1368
1368
1369
1369
1369
1369
1369
1370
1370
1370
1371
1371
1371
1371
1371
1371
1372
1372
1372
1373
1373
1374
1374
1375
1375
1375
1375
1376
1376
1377
1377
1377
1378
1378
1378
1378
1378
1378
1378
1379
1379
1379
1380
1381
1381
1382
1383
1383
1383
1384
1384
1385
1385
1385
1385
1386
1386
1387
1388
1388
1388
1389
1389
1389
1389
1390
1390
1390
1390
1391
1391
1391
1391
1391
1391
1392
1392
1392
1393
1394
1394
1394
1395
1395
1396
1396
1396
1396
1397
1397
1398
1398
1398
1399
1399
1400
1401
1402
1402
1402
1402
1402
1402
1403
1403
1403
1403
1403
1404
1404
1404
1404
1404
1405
1405
1406
1406
1406
1406
1407
1407
1407
1407
1407
1407
1408
1408
1409
1409
1409
1409
1410
1411
1411
1411
1412
1412
1412
1412
1413
1414
1414
1414
1414
1415
1415
1415
1415
1416
1416
1417
1418
1418
1418
1418
1419
1420
1421
1421
1422
1422
1422
1422
1423
1423
1423
1424
1425
1425
1425
1425
1426
1426
1426
1426
1427
1427
1427
1427
1428
1428
1428
1428
1428
1428
1428
1429
1429
1430
1430
1430
1430
1430
1431
1431
1432
1433
1433
1433
1434
1434
1435
1436
1437
1437
1438
1438
1438
1438
1440
1442
1442
1442
1442
1442
1442
1442
1442
1443
1443
1443
1443
1444
1444
1445
1445
1445
1445
1446
1446
1446
1448
1448
1448
1448
1448
1449
1449
1449
1449
1449
1450
1450
1450
1450
1451
1452
1453
1453
1453
1454
1454
1455
1455
1456
1456
1456
1457
1458
1458
1459
1460
1461
1461
1461
1462
1462
1462
1463
1463
1464
1465
1465
1465
1465
1466
1466
1466
1466
1466
1467
1467
1467
1469
1469
1470
1470
1470
1471
1472
1473
1473
1473
1474
1474
1475
1475
1475
1475
1475
1476
1476
1477
1478
1478
1478
1478
1479
1479
1479
1480
1480
1481
1481
1481
1482
1482
1483
1483
1483
1484
1484
1485
1485
1485
1485
1488
1489
1489
1490
1491
1491
1491
1492
1492
1493
1493
1493
1493
1493
1494
1495
1495
1495
1495
1496
1496
1497
1497
1497
1497
1498
1498
1499
1499
1500
1500
1500
1501
1501
1502
1502
1502
1502
1502
1503
1503
1503
1504
1504
1504
1504
1505
1505
1505
1505
1506
1507
1507
1507
1507
1507
1508
1508
1508
1508
1509
1509
1509
1509
1509
1509
1510
1510
1511
1512
1512
1512
1512
1512
1512
1512
1512
1512
1513
1513
1514
1514
1515
1515
1516
1517
1517
1517
1518
1519
1519
1519
1519
1520
1520
1521
1521
1522
1522
1523
1524
1526
1526
1527
1527
1527
1528
1529
1530
1531
1531
1531
1531
1531
1531
1533
1534
1534
1535
1535
1536
1536
1536
1537
1537
1537
1537
1538
1538
1538
1538
1538
1539
1539
1539
1539
1540
1541
1541
1541
1542
1542
1542
1542
1543
1543
1544
1544
1544
1545
1545
1545
1545
1546
1546
1546
1546
1547
1547
1547
1548
1548
1549
1550
1550
1550
1551
1551
1551
1551
1552
1554
1555
1556
1556
1556
1557
1558
1558
1558
1558
1558
1558
1558
1558
1559
1559
1560
1560
1560
1561
1561
1562
1563
1563
1563
1564
1564
1564
1564
1564
1564
1564
1564
1565
1566
1566
1566
1567
1567
1569
1569
1569
1569
1570
1570
1571
1571
1572
1572
1573
1574
1574
1575
1575
1575
1576
1576
1576
1576
1577
1577
1577
1577
1577
1578
1578
1578
1579
1579
1580
1580
1581
1581
1582
1582
1583
1584
1584
1584
1584
1585
1585
1586
1586
1586
1587
1587
1587
1587
1587
1589
1589
1589
1589
1591
1591
1591
1591
1591
1592
1593
1593
1594
1594
1595
1595
1595
1596
1596
1596
1597
1598
1598
1598
1599
1599
1599
1599
1599
1600
1600
1600
1600
1600
1600
1601
1601
1601
1601
1603
1604
1604
1605
1606
1606
1606
1606
1607
1607
1608
1608
1609
1610
1611
1611
1612
1613
1613
1614
1616
1616
1617
1619
1619
1620
1621
1621
1621
1621
1621
1621
1622
1622
1623
1623
1624
1624
1625
1625
1625
1626
1626
1626
1627
1627
1628
1628
1628
1629
1630
1630
1631
1632
1632
1632
1632
1632
1633
1634
1634
1635
1636
1636
1636
1636
1636
1636
1637
1637
1637
1637
1638
1639
1639
1640
1640
1641
1641
1641
1642
1642
1642
1642
1642
1643
1643
1643
1644
1645
1646
1646
1646
1646
1647
1647
1647
1648
1648
1649
1649
1650
1651
1651
1651
1653
1653
1654
1655
1656
1656
1656
1657
1657
1657
1657
1658
1659
1659
1660
1660
1660
1660
1661
1661
1662
1663
1663
1663
1663
1664
1664
1665
1666
1667
1667
1667
1667
1668
1668
1669
1669
1669
1669
1670
1671
1671
1672
1672
1672
1673
1673
1673
1674
1674
1674
1674
1674
1675
1675
1676
1676
1676
1676
1676
1677
1677
1678
1678
1679
1679
1680
1681
1682
1682
1682
1683
1683
1684
1684
1685
1685
1685
1686
1686
1686
1686
1687
1688
1689
1689
1690
1690
1691
1691
1691
1691
1692
1693
1693
1693
1694
1695
1695
1696
1696
1696
1697
1697
1698
1698
1699
1699
1700
1702
1703
1703
1704
1704
1704
1704
1706
1707
1707
1708
1709
1710
1710
1710
1711
1712
1712
1713
1713
1716
1717
1717
1718
1719
1720
1720
1720
1721
1721
1721
1721
1721
1722
1722
1723
1724
1725
1726
1726
1726
1727
1729
1729
1729
1729
1730
1730
1730
1734
1734
1734
1736
1737
1737
1737
1737
1738
1739
1739
1739
1740
1740
1741
1741
1743
1744
1744
1745
1745
1747
1748
1748
1748
1748
1749
1749
1752
1753
1753
1754
1754
1754
1755
1755
1755
1755
1757
1757
1757
1758
1758
1758
1758
1758
1758
1758
1759
1759
1759
1761
1761
1762
1762
1762
1763
1763
1764
1764
1764
1764
1765
1765
1765
1768
1768
1769
1770
1771
1771
1771
1771
1771
1772
1773
1773
1774
1775
1775
1775
1775
1777
1778
1779
1779
1779
1781
1781
1781
1782
1784
1785
1786
1786
1787
1787
1788
1788
1792
1792
1793
1793
1794
1795
1795
1795
1796
1797
1797
1798
1800
1800
1802
1802
1803
1804
1804
1805
1805
1806
1806
1806
1807
1808
1808
1809
1809
1810
1810
1812
1813
1814
1815
1815
1816
1816
1817
1817
1817
1818
1818
1818
1821
1823
1823
1823
1823
1824
1824
1825
1825
1825
1826
1826
1826
1827
1827
1827
1827
1827
1828
1828
1829
1829
1829
1830
1830
1830
1830
1831
1831
1832
1833
1834
1835
1835
1835
1837
1838
1839
1841
1842
1842
1842
1845
1845
1846
1847
1848
1848
1848
1848
1848
1848
1849
1849
1850
1850
1851
1852
1853
1854
1854
1855
1855
1856
1857
1858
1858
1858
1858
1859
1859
1859
1859
1860
1861
1861
1861
1861
1862
1862
1862
1862
1862
1863
1863
1864
1865
1865
1865
1866
1866
1866
1866
1867
1867
1868
1869
1869
1870
1870
1871
1871
1871
1872
1873
1875
1875
1876
1876
1877
1877
1878
1878
1878
1878
1879
1879
1879
1880
1882
1885
1886
1886
1887
1887
1887
1888
1888
1888
1889
1890
1892
1892
1895
1896
1896
1897
1897
1897
1897
1897
1897
1897
1897
1898
1898
1899
1899
1900
1900
1901
1902
1902
1902
1902
1902
1903
1903
1905
1905
1906
1909
1910
1911
1914
1915
1915
1916
1918
1918
1918
1919
1921
1923
1923
1923
1925
1925
1925
1926
1927
1928
1928
1928
1929
1929
1930
1932
1933
1933
1934
1934
1936
1936
1936
1939
1940
1942
1942
1943
1943
1943
1943
1944
1944
1945
1945
1946
1946
1946
1949
1949
1951
1951
1952
1952
1953
1954
1955
1955
1956
1957
1957
1957
1958
1959
1961
1962
1962
1962
1962
1962
1963
1964
1965
1965
1965
1966
1966
1967
1968
1968
1968
1969
1970
1970
1971
1973
1973
1974
1977
1980
1983
1983
1984
1984
1984
1985
1986
1989
1989
1989
1989
1990
1990
1991
1991
1993
1994
1994
1994
1995
2000
2000
2001
2002
2002
2003
2004
2004
2004
2005
2006
2007
2008
2008
2008
2009
2011
2011
2012
2014
2014
2014
2014
2014
2015
2015
2015
2016
2016
2016
2016
2017
2018
2019
2019
2019
2020
2021
2021
2022
2022
2022
2022
2023
2023
2024
2025
2026
2028
2028
2030
2030
2030
2033
2033
2033
2034
2036
2036
2036
2039
2040
2042
2043
2043
2045
2045
2045
2046
2047
2047
2048
2048
2049
2051
2051
2052
2053
2053
2055
2056
2057
2058
2058
2058
2059
2059
2062
2063
2065
2066
2067
2067
2068
2068
2069
2070
2071
2072
2072
2073
2075
2075
2075
2075
2077
2077
2078
2078
2079
2080
2080
2080
2080
2081
2081
2081
2082
2083
2083
2083
2083
2084
2085
2088
2088
2090
2091
2091
2091
2093
2094
2094
2095
2098
2100
2101
2104
2104
2106
2106
2106
2107
2107
2107
2108
2109
2110
2110
2110
2110
2111
2111
2112
2112
2113
2113
2113
2115
2117
2118
2118
2122
2122
2122
2122
2123
2123
2124
2124
2125
2125
2125
2126
2129
2130
2132
2132
2132
2132
2132
2132
2133
2133
2133
2134
2135
2135
2138
2140
2140
2140
2140
2140
2142
2142
2144
2144
2145
2146
2146
2147
2147
2149
2150
2150
2150
2152
2154
2154
2156
2157
2157
2158
2158
2160
2160
2162
2162
2163
2163
2165
2165
2166
2167
2167
2167
2168
2168
2168
2169
2169
2170
2171
2172
2172
2173
2173
2173
2173
2174
2176
2176
2178
2178
2180
2181
2181
2184
2185
2186
2187
2187
2188
2190
2192
2193
2194
2194
2194
2194
2196
2196
2196
2198
2200
2200
2201
2201
2201
2201
2201
2203
2204
2206
2206
2207
2208
2208
2210
2211
2211
2211
2211
2211
2212
2213
2214
2214
2214
2214
2215
2215
2216
2216
2217
2220
2220
2220
2221
2223
2223
2224
2224
2224
2225
2225
2226
2226
2229
2231
2231
2231
2231
2232
2232
2232
2232
2232
2232
2233
2234
2234
2235
2235
2236
2236
2236
2236
2237
2237
2237
2237
2240
2240
2242
2243
2243
2244
2245
2246
2247
2249
2250
2250
2252
2252
2255
2256
2256
2256
2256
2257
2258
2258
2260
2261
2261
2262
2263
2263
2264
2264
2265
2265
2265
2266
2266
2267
2272
2272
2272
2273
2273
2274
2274
2274
2274
2275
2275
2279
2279
2279
2281
2282
2283
2283
2285
2285
2285
2286
2289
2289
2289
2290
2291
2291
2292
2292
2293
2293
2294
2295
2295
2296
2296
2296
2297
2297
2298
2298
2299
2300
2302
2302
2302
2302
2302
2302
2303
2304
2306
2308
2308
2308
2311
2312
2314
2316
2317
2319
2320
2320
2321
2321
2322
2322
2324
2324
2325
2326
2326
2327
2329
2331
2331
2332
2333
2334
2337
2338
2339
2339
2339
2339
2340
2340
2341
2341
2348
2349
2350
2351
2351
2351
2354
2354
2355
2355
2356
2357
2357
2358
2359
2359
2359
2360
2360
2362
2362
2362
2363
2363
2363
2365
2365
2365
2365
2367
2367
2368
2369
2369
2369
2371
2373
2374
2374
2374
2374
2374
2374
2377
2379
2380
2380
2380
2380
2381
2382
2383
2383
2384
2385
2385
2385
2386
2388
2388
2390
2390
2391
2391
2392
2393
2393
2395
2396
2396
2396
2397
2398
2398
2398
2399
2399
2399
2399
2400
2401
2402
2402
2403
2404
2405
2407
2407
2407
2408
2409
2410
2410
2412
2413
2414
2415
2416
2416
2417
2417
2419
2419
2420
2421
2423
2424
2425
2426
2427
2428
2431
2431
2432
2432
2432
2432
2432
2433
2434
2434
2436
2436
2437
2437
2438
2438
2439
2440
2440
2440
2440
2441
2442
2442
2445
2447
2449
2450
2451
2452
2454
2454
2454
2455
2456
2457
2457
2457
2458
2459
2459
2460
2461
2462
2462
2464
2464
2465
2465
2468
2469
2469
2470
2472
2473
2473
2475
2476
2477
2477
2478
2478
2478
2478
2479
2481
2481
2481
2481
2484
2487
2487
2488
2490
2490
2491
2491
2492
2492
2493
2493
2494
2495
2496
2496
2497
2497
2497
2499
2499
2500
2501
2501
2502
2502
2505
2506
2506
2507
2507
2507
2508
2508
2510
2511
2513
2515
2515
2516
2516
2517
2518
2520
2521
2522
2524
2526
2526
2526
2527
2527
2528
2529
2529
2531
2531
2532
2532
2533
2534
2536
2537
2541
2541
2542
2543
2544
2544
2545
2546
2546
2547
2547
2547
2548
2548
2548
2549
2551
2551
2552
2552
2552
2553
2555
2555
2556
2557
2557
2557
2557
2558
2561
2561
2562
2562
2562
2564
2564
2565
2565
2565
2568
2568
2568
2569
2570
2571
2571
2572
2574
2575
2576
2576
2579
2579
2580
2580
2581
2581
2581
2582
2584
2584
2585
2586
2586
2586
2586
2587
2587
2587
2589
2589
2591
2592
2592
2592
2592
2592
2594
2595
2597
2597
2598
2599
2600
2601
2601
2601
2601
2602
2603
2605
2605
2606
2606
2607
2608
2610
2611
2612
2612
2613
2613
2613
2614
2616
2616
2616
2617
2621
2621
2621
2622
2623
2624
2624
2626
2627
2628
2628
2628
2629
2630
2630
2631
2632
2635
2636
2636
2636
2636
2637
2637
2637
2638
2639
2639
2640
2641
2641
2641
2643
2643
2643
2646
2647
2647
2648
2650
2651
2652
2653
2656
2656
2656
2657
2657
2659
2659
2659
2659
2662
2664
2664
2665
2665
2666
2666
2668
2668
2669
2669
2669
2669
2670
2672
2672
2674
2675
2675
2675
2677
2677
2678
2679
2679
2680
2681
2682
2684
2684
2686
2686
2686
2687
2691
2692
2693
2693
2693
2693
2694
2694
2695
2697
2697
2698
2698
2699
2700
2701
2701
2701
2702
2705
2706
2707
2708
2708
2709
2710
2710
2710
2711
2711
2711
2712
2713
2713
2715
2716
2716
2716
2718
2718
2720
2720
2721
2722
2722
2724
2726
2728
2729
2729
2730
2732
2732
2733
2735
2735
2735
2736
2736
2738
2738
2739
2739
2740
2741
2742
2743
2746
2747
2748
2748
2749
2749
2749
2750
2751
2751
2751
2752
2752
2752
2753
2754
2754
2754
2754
2755
2757
2758
2758
2758
2760
2761
2761
2761
2762
2762
2762
2764
2764
2765
2766
2766
2767
2768
2769
2769
2769
2769
2769
2770
2771
2771
2772
2773
2774
2775
2775
2775
2775
2776
2776
2776
2776
2777
2778
2779
2782
2785
2785
2785
2787
2789
2791
2791
2792
2796
2797
2799
2799
2799
2800
2801
2804
2804
2804
2804
2805
2805
2806
2806
2806
2806
2807
2808
2809
2810
2810
2811
2811
2813
2816
2816
2818
2818
2819
2822
2822
2822
2825
2827
2827
2827
2827
2827
2829
2833
2835
2835
2835
2837
2837
2840
2840
2841
2843
2845
2845
2845
2845
2845
2847
2849
2850
2850
2850
2851
2852
2854
2854
2855
2855
2855
2857
2859
2861
2863
2863
2867
2868
2872
2873
2874
2874
2877
2879
2880
2881
2884
2884
2885
2885
2885
2886
2887
2889
2889
2890
2893
2895
2896
2898
2900
2902
2902
2904
2906
2906
2907
2908
2909
2911
2912
2915
2915
2917
2918
2919
2921
2922
2922
2922
2923
2924
2925
2926
2928
2928
2929
2930
2930
2931
2931
2932
2934
2934
2934
2934
2934
2934
2935
2936
2936
2937
2938
2938
2939
2939
2941
2941
2941
2943
2946
2946
2948
2949
2950
2950
2951
2952
2952
2953
2953
2954
2954
2956
2956
2957
2958
2962
2963
2963
2966
2967
2968
2969
2969
2973
2977
2977
2978
2979
2980
2980
2980
2982
2983
2983
2984
2984
2985
2987
2988
2989
2990
2990
2991
2992
2993
2993
2993
2994
2995
2997
3000
3000
3000
3002
3003
3004
3008
3009
3010
3010
3011
3011
3015
3015
3016
3016
3017
3018
3021
3021
3022
3022
3024
3025
3025
3026
3027
3029
3033
3035
3035
3036
3037
3038
3040
3040
3041
3042
3043
3044
3044
3045
3045
3045
3047
3047
3049
3050
3051
3053
3055
3056
3057
3062
3062
3062
3064
3064
3065
3067
3068
3069
3070
3070
3070
3070
3071
3071
3073
3073
3074
3075
3075
3078
3078
3083
3083
3086
3088
3088
3089
3089
3089
3091
3092
3092
3092
3094
3095
3096
3096
3096
3097
3097
3098
3100
3101
3101
3102
3102
3102
3102
3103
3103
3104
3104
3105
3106
3108
3109
3111
3112
3113
3113
3114
3116
3116
3117
3119
3122
3122
3122
3122
3122
3122
3123
3123
3128
3130
3132
3133
3134
3135
3138
3140
3141
3144
3144
3144
3148
3150
3150
3152
3152
3153
3154
3157
3157
3158
3161
3162
3164
3165
3166
3168
3168
3169
3170
3171
3172
3172
3175
3176
3179
3180
3181
3181
3181
3181
3183
3183
3183
3184
3186
3188
3188
3189
3189
3189
3190
3194
3194
3194
3195
3195
3197
3198
3198
3199
3200
3201
3201
3201
3203
3203
3204
3208
3209
3210
3210
3210
3211
3212
3212
3212
3214
3217
3218
3219
3220
3221
3221
3222
3223
3223
3228
3230
3230
3231
3231
3231
3234
3236
3236
3237
3238
3239
3239
3240
3240
3241
3242
3243
3244
3245
3246
3248
3250
3250
3252
3257
3260
3262
3262
3262
3264
3265
3265
3266
3267
3269
3271
3272
3272
3277
3277
3280
3281
3281
3282
3283
3284
3287
3288
3288
3289
3289
3290
3291
3291
3292
3292
3292
3293
3293
3293
3293
3294
3294
3295
3296
3296
3297
3297
3298
3298
3300
3303
3304
3305
3305
3307
3307
3307
3308
3309
3311
3311
3311
3312
3312
3315
3316
3316
3317
3317
3319
3320
3320
3320
3320
3325
3325
3326
3328
3330
3330
3330
3333
3334
3336
3336
3340
3340
3340
3340
3340
3342
3342
3344
3344
3346
3347
3349
3350
3350
3352
3353
3353
3354
3355
3355
3356
3357
3358
3358
3359
3367
3367
3368
3369
3369
3372
3372
3375
3377
3377
3380
3381
3383
3383
3385
3386
3386
3386
3387
3387
3391
3391
3392
3393
3399
3401
3402
3402
3403
3405
3407
3408
3412
3413
3415
3417
3417
3417
3419
3419
3420
3421
3423
3424
3427
3428
3430
3431
3432
3433
3433
3438
3440
3440
3441
3441
3444
3444
3445
3446
3447
3447
3447
3448
3449
3449
3451
3451
3452
3452
3452
3454
3457
3458
3458
3459
3461
3461
3461
3465
3467
3467
3469
3470
3470
3471
3472
3472
3472
3474
3476
3476
3477
3477
3478
3480
3483
3485
3485
3487
3488
3488
3491
3491
3494
3494
3495
3495
3497
3498
3499
3500
3502
3503
3504
3504
3506
3510
3514
3516
3516
3517
3521
3521
3522
3523
3524
3525
3525
3525
3525
3527
3527
3528
3530
3530
3530
3531
3531
3532
3534
3537
3538
3538
3540
3543
3544
3544
3546
3547
3548
3549
3549
3549
3550
3551
3552
3555
3557
3557
3558
3558
3558
3560
3563
3567
3567
3569
3570
3571
3572
3572
3573
3573
3575
3575
3576
3576
3578
3579
3581
3582
3582
3582
3584
3587
3588
3588
3590
3591
3592
3592
3592
3593
3595
3598
3600
3602
3603
3604
3604
3604
3605
3606
3606
3607
3608
3611
3611
3612
3614
3615
3615
3615
3615
3616
3616
3616
3616
3617
3618
3619
3619
3619
3619
3620
3620
3620
3621
3621
3622
3622
3622
3623
3625
3625
3626
3626
3626
3628
3628
3629
3633
3633
3636
3637
3638
3638
3640
3644
3645
3647
3650
3651
3652
3653
3654
3655
3656
3659
3659
3660
3660
3661
3662
3664
3665
3669
3669
3671
3672
3672
3673
3673
3674
3675
3680
3681
3681
3682
3683
3683
3684
3684
3686
3688
3688
3689
3690
3690
3690
3691
3692
3693
3696
3696
3696
3696
3696
3697
3698
3699
3700
3700
3701
3703
3704
3704
3706
3708
3709
3710
3710
3711
3712
3712
3714
3715
3716
3718
3720
3721
3724
3724
3727
3728
3729
3730
3730
3731
3731
3733
3735
3735
3736
3738
3738
3738
3739
3740
3741
3741
3742
3745
3745
3745
3747
3747
3747
3747
3748
3748
3749
3751
3751
3755
3756
3756
3759
3759
3760
3761
3761
3764
3766
3766
3766
3767
3770
3771
3773
3773
3773
3775
3776
3778
3779
3779
3780
3781
3782
3782
3785
3787
3789
3791
3791
3793
3795
3797
3799
3800
3801
3802
3805
3807
3810
3810
3813
3813
3815
3815
3817
3817
3819
3819
3819
3820
3820
3821
3821
3821
3822
3822
3823
3823
3824
3824
3826
3827
3828
3832
3832
3832
3833
3833
3835
3835
3836
3836
3836
3836
3836
3837
3842
3845
3845
3846
3847
3848
3851
3854
3854
3856
3856
3859
3862
3863
3863
3864
3865
3867
3871
3873
3873
3873
3874
3874
3875
3875
3875
3878
3878
3880
3880
3882
3882
3882
3886
3887
3889
3890
3890
3890
3892
3895
3896
3896
3896
3896
3897
3898
3898
3899
3900
3901
3901
3902
3902
3903
3903
3909
3910
3914
3914
3915
3915
3917
3917
3917
3918
3918
3919
3922
3923
3923
3924
3924
3928
3930
3931
3931
3932
3933
3933
3933
3933
3934
3936
3937
3939
3940
3943
3944
3944
3946
3947
3949
3949
3950
3950
3950
3951
3953
3955
3955
3959
3959
3960
3960
3960
3961
3961
3961
3961
3961
3962
3962
3962
3963
3963
3964
3964
3964
3965
3965
3966
3966
3969
3971
3971
3971
3972
3973
3974
3974
3974
3977
3982
3983
3984
3987
3987
3989
3990
3993
3997
3997
3999
3999
3999
4001
4001
4003
4004
4005
4006
4008
4008
4009
4009
4010
4010
4010
4011
4014
4014
4015
4015
4016
4017
4020
4021
4024
4025
4026
4026
4027
4028
4029
4029
4029
4030
4032
4032
4034
4034
4034
4036
4036
4036
4037
4037
4038
4041
4042
4043
4048
4049
4051
4051
4053
4054
4055
4055
4055
4055
4056
4056
4058
4060
4060
4060
4061
4062
4065
4067
4070
4073
4075
4076
4076
4077
4078
4079
4081
4081
4082
4083
4084
4084
4085
4086
4087
4087
4089
4089
4092
4092
4092
4093
4093
4095
4095
4096
4097
4097
4098
4098
4098
4100
4101
4101
4101
4102
4103
4103
4105
4108
4108
4109
4116
4120
4120
4120
4123
4124
4126
4126
4126
4126
4126
4128
4129
4130
4130
4130
4131
4133
4134
4135
4136
4136
4136
4137
4138
4138
4138
4140
4142
4144
4144
4145
4145
4146
4146
4148
4150
4150
4152
4153
4154
4155
4157
4157
4157
4159
4159
4159
4160
4160
4161
4161
4164
4164
4166
4172
4173
4173
4173
4175
4177
4180
4180
4181
4182
4184
4185
4187
4187
4192
4193
4193
4194
4195
4197
4199
4199
4200
4203
4204
4204
4213
4214
4214
4214
4215
4218
4218
4218
4219
4219
4220
4220
4221
4221
4221
4224
4225
4226
4226
4228
4228
4228
4228
4228
4230
4231
4231
4232
4232
4233
4233
4234
4235
4235
4236
4236
4236
4238
4239
4244
4246
4246
4247
4247
4247
4247
4249
4250
4250
4250
4251
4251
4251
4251
4253
4253
4256
4258
4259
4259
4262
4265
4265
4266
4266
4267
4267
4268
4272
4273
4273
4274
4275
4277
4278
4280
4281
4281
4283
4283
4284
4284
4287
4287
4287
4288
4290
4293
4295
4297
4297
4299
4300
4301
4302
4303
4307
4307
4310
4311
4312
4313
4313
4313
4314
4315
4315
4316
4317
4317
4317
4318
4319
4320
4321
4323
4324
4325
4326
4326
4328
4328
4329
4331
4332
4332
4334
4336
4337
4338
4339
4340
4341
4342
4342
4342
4344
4344
4345
4345
4347
4348
4350
4351
4354
4355
4356
4357
4358
4360
4360
4361
4363
4364
4364
4365
4366
4368
4369
4369
4369
4371
4371
4372
4373
4375
4376
4377
4377
4378
4378
4382
4386
4388
4389
4391
4391
4392
4393
4393
4394
4394
4395
4396
4399
4400
4400
4401
4403
4405
4407
4407
4408
4408
4409
4410
4410
4411
4411
4412
4413
4414
4415
4416
4416
4416
4418
4420
4420
4422
4422
4424
4424
4424
4426
4426
4430
4431
4436
4437
4439
4441
4441
4445
4445
4445
4445
4446
4447
4449
4451
4451
4451
4452
4454
4459
4460
4461
4461
4461
4463
4464
4464
4466
4469
4469
4469
4470
4471
4471
4472
4473
4473
4473
4474
4476
4477
4477
4479
4480
4480
4481
4483
4485
4486
4487
4489
4490
4491
4492
4493
4493
4493
4497
4498
4498
4499
4502
4503
4503
4505
4507
4509
4509
4510
4511
4513
4513
4516
4516
4516
4516
4517
4517
4518
4524
4525
4525
4525
4527
4527
4529
4531
4533
4535
4535
4539
4539
4544
4544
4545
4545
4545
4548
4548
4553
4555
4555
4556
4557
4561
4562
4563
4564
4565
4566
4569
4569
4571
4571
4572
4573
4574
4580
4582
4583
4583
4585
4585
4586
4587
4587
4589
4591
4592
4595
4597
4597
4597
4597
4598
4598
4602
4603
4603
4603
4603
4604
4604
4607
4607
4608
4609
4610
4610
4615
4615
4616
4616
4617
4618
4618
4629
4636
4640
4642
4643
4644
4645
4647
4647
4648
4649
4651
4656
4658
4659
4661
4662
4662
4663
4663
4663
4664
4665
4666
4666
4667
4668
4669
4671
4673
4674
4675
4676
4678
4678
4678
4680
4681
4683
4683
4684
4689
4690
4691
4691
4697
4697
4698
4699
4700
4700
4702
4702
4707
4707
4708
4710
4712
4713
4717
4717
4721
4721
4721
4723
4724
4724
4724
4726
4726
4729
4729
4729
4731
4731
4731
4733
4736
4737
4740
4742
4743
4744
4749
4752
4752
4752
4754
4755
4755
4755
4756
4756
4756
4760
4760
4761
4761
4763
4763
4763
4765
4767
4768
4770
4771
4772
4774
4774
4775
4777
4778
4778
4779
4781
4782
4783
4783
4783
4786
4787
4788
4788
4788
4788
4790
4791
4791
4794
4794
4795
4796
4797
4801
4802
4802
4803
4803
4803
4807
4808
4812
4812
4816
4817
4818
4818
4819
4820
4821
4822
4824
4825
4825
4826
4828
4829
4829
4829
4829
4832
4834
4835
4837
4839
4839
4839
4840
4841
4844
4845
4845
4848
4849
4851
4851
4852
4853
4853
4855
4855
4856
4857
4859
4860
4862
4863
4864
4865
4865
4865
4867
4867
4868
4869
4871
4872
4874
4875
4876
4876
4878
4880
4880
4880
4880
4880
4881
4881
4881
4881
4883
4884
4884
4884
4885
4886
4887
4888
4888
4889
4890
4890
4890
4891
4891
4893
4894
4895
4895
4897
4897
4897
4900
4900
4901
4901
4903
4904
4905
4905
4908
4909
4910
4911
4912
4913
4913
4914
4916
4917
4917
4919
4920
4925
4925
4925
4927
4927
4927
4927
4927
4927
4931
4931
4932
4932
4933
4934
4935
4939
4942
4943
4949
4950
4951
4952
4953
4953
4960
4960
4961
4962
4963
4964
4965
4966
4968
4970
4970
4971
4972
4972
4973
4974
4974
4975
4975
4976
4980
4982
4982
4983
4983
4983
4985
4986
4986
4986
4986
4987
4988
4988
4989
4989
4989
4989
4991
4991
4992
4992
4994
4995
4996
4998
4999
5000
5002
5003
5003
5003
5004
5004
5004
5004
5004
5006
5007
5010
5011
5011
5015
5017
5017
5017
5018
5019
5019
5019
5020
5023
5024
5024
5024
5025
5025
5027
5028
5031
5032
5033
5033
5036
5036
5037
5038
5038
5041
5043
5044
5045
5046
5047
5047
5049
5050
5051
5052
5052
5056
5057
5058
5058
5059
5059
5061
5061
5061
5063
5063
5064
5066
5067
5068
5068
5068
5069
5069
5072
5073
5075
5077
5078
5079
5080
5085
5086
5087
5090
5091
5094
5097
5100
5100
5101
5102
5105
5106
5106
5106
5107
5108
5112
5114
5114
5114
5115
5115
5118
5119
5119
5121
5122
5122
5123
5123
5124
5124
5124
5125
5128
5129
5130
5131
5131
5131
5133
5133
5134
5138
5138
5139
5144
5145
5146
5151
5151
5152
5153
5154
5155
5155
5156
5156
5158
5158
5159
5159
5160
5163
5164
5166
5166
5167
5167
5168
5168
5171
5171
5172
5174
5182
5184
5185
5186
5186
5187
5188
5191
5191
5192
5193
5197
5201
5203
5207
5211
5213
5214
5214
5214
5215
5216
5216
5217
5217
5219
5220
5221
5222
5224
5224
5226
5227
5227
5228
5228
5228
5229
5230
5231
5231
5232
5235
5236
5237
5239
5241
5241
5242
5242
5242
5243
5243
5244
5244
5244
5245
5246
5247
5247
5249
5253
5254
5254
5256
5257
5258
5260
5260
5261
5262
5262
5262
5263
5263
5266
5268
5269
5270
5271
5271
5272
5272
5273
5273
5274
5275
5275
5279
5279
5280
5282
5282
5283
5285
5286
5288
5289
5290
5290
5291
5292
5293
5296
5298
5299
5299
5300
5303
5305
5307
5308
5308
5310
5313
5313
5313
5314
5315
5315
5318
5319
5320
5320
5323
5323
5324
5326
5328
5331
5331
5331
5333
5333
5333
5334
5334
5334
5334
5335
5335
5336
5337
5338
5340
5340
5343
5343
5344
5345
5345
5345
5347
5347
5349
5350
5350
5353
5354
5355
5358
5358
5362
5363
5366
5368
5369
5369
5370
5372
5373
5374
5374
5376
5377
5377
5378
5378
5380
5380
5381
5381
5383
5386
5386
5387
5388
5389
5390
5390
5392
5393
5395
5396
5397
5397
5398
5398
5399
5399
5400
5401
5403
5406
5407
5407
5408
5408
5411
5411
5412
5412
5413
5413
5413
5415
5415
5416
5417
5419
5419
5419
5419
5422
5428
5428
5429
5430
5433
5434
5436
5438
5439
5440
5442
5444
5449
5450
5452
5452
5452
5455
5455
5456
5457
5458
5459
5459
5460
5462
5462
5463
5463
5463
5464
5465
5466
5469
5470
5470
5471
5473
5474
5475
5475
5476
5479
5479
5481
5482
5483
5484
5487
5488
5489
5494
5495
5495
5497
5497
5500
5501
5501
5501
5503
5503
5504
5504
5504
5506
5506
5507
5508
5508
5509
5509
5510
5511
5511
5512
5514
5515
5517
5518
5520
5520
5521
5521
5522
5522
5522
5523
5524
5524
5525
5525
5526
5528
5531
5532
5532
5533
5536
5537
5538
5541
5542
5546
5546
5546
5546
5546
5546
5547
5548
5548
5549
5550
5554
5555
5555
5560
5560
5560
5561
5563
5568
5571
5573
5574
5575
5577
5578
5579
5579
5580
5581
5583
5583
5584
5585
5586
5586
5586
5588
5589
5589
5589
5591
5592
5593
5593
5594
5594
5594
5594
5595
5597
5597
5597
5598
5598
5600
5600
5601
5604
5605
5606
5606
5609
5610
5612
5612
5613
5613
5615
5615
5616
5617
5621
5622
5626
5626
5627
5628
5628
5629
5630
5630
5633
5633
5633
5639
5639
5639
5639
5640
5640
5641
5646
5647
5650
5652
5654
5654
5656
5657
5657
5657
5660
5662
5663
5663
5664
5664
5665
5665
5666
5666
5666
5668
5668
5669
5669
5670
5670
5671
5672
5673
5674
5675
5676
5677
5680
5682
5682
5683
5683
5684
5685
5686
5687
5687
5687
5688
5688
5689
5694
5694
5696
5696
5698
5698
5699
5701
5702
5703
5704
5704
5704
5705
5706
5707
5707
5708
5709
5711
5715
5718
5720
5723
5725
5725
5728
5731
5732
5732
5733
5734
5735
5736
5738
5739
5741
5743
5745
5746
5746
5749
5750
5750
5751
5751
5752
5752
5753
5753
5754
5754
5757
5763
5763
5764
5768
5770
5771
5771
5771
5773
5773
5773
5774
5774
5775
5775
5776
5776
5777
5777
5778
5781
5782
5784
5785
5785
5786
5786
5787
5789
5790
5792
5792
5795
5795
5796
5796
5796
5796
5804
5805
5805
5807
5807
5810
5811
5812
5812
5813
5815
5816
5817
5818
5818
5819
5820
5821
5821
5823
5823
5825
5825
5826
5827
5828
5830
5831
5832
5833
5834
5835
5838
5838
5839
5841
5842
5842
5845
5847
5849
5849
5851
5851
5853
5853
5855
5855
5856
5857
5858
5859
5862
5862
5863
5863
5863
5868
5868
5869
5869
5870
5873
5878
5880
5881
5882
5882
5883
5884
5884
5885
5887
5888
5888
5888
5891
5892
5892
5894
5894
5896
5896
5896
5898
5900
5901
5901
5904
5905
5909
5911
5913
5914
5914
5914
5917
5917
5917
5918
5918
5918
5919
5919
5921
5922
5922
5923
5924
5924
5925
5928
5928
5930
5930
5931
5931
5932
5932
5932
5933
5934
5935
5936
5937
5938
5939
5939
5940
5940
5940
5942
5944
5944
5946
5948
5948
5955
5956
5958
5958
5960
5960
5961
5962
5963
5963
5963
5964
5964
5965
5965
5967
5970
5972
5973
5974
5974
5974
5974
5975
5976
5977
5977
5980
5981
5983
5983
5983
5983
5984
5984
5987
5988
5989
5989
5989
5990
5990
5990
5992
5994
5995
5995
5996
5998
5999
5999
6000
6000
6000
6001
6004
6004
6004
6004
6005
6006
6008
6013
6013
6014
6014
6015
6015
6016
6017
6020
6021
6022
6022
6023
6023
6024
6025
6025
6025
6026
6029
6030
6031
6032
6032
6033
6034
6036
6036
6038
6044
6045
6047
6047
6050
6051
6052
6052
6052
6053
6056
6057
6058
6059
6060
6062
6066
6069
6070
6071
6072
6072
6073
6076
6077
6080
6081
6081
6083
6084
6084
6085
6086
6086
6087
6087
6087
6089
6089
6089
6091
6093
6093
6094
6095
6095
6096
6096
6097
6097
6098
6099
6100
6101
6102
6109
6110
6112
6113
6113
6114
6115
6116
6116
6117
6119
6119
6121
6121
6121
6122
6122
6122
6123
6123
6126
6128
6129
6131
6131
6132
6134
6136
6136
6137
6137
6138
6138
6138
6139
6141
6141
6142
6142
6143
6143
6143
6144
6144
6144
6146
6148
6148
6148
6149
6149
6150
6151
6153
6154
6154
6157
6159
6160
6160
6160
6160
6161
6161
6161
6162
6164
6166
6167
6167
6167
6168
6169
6169
6170
6170
6171
6171
6173
6173
6175
6178
6181
6182
6182
6182
6182
6183
6189
6191
6194
6194
6194
6196
6196
6197
6197
6197
6198
6198
6198
6198
6198
6201
6201
6203
6204
6205
6206
6207
6208
6210
6213
6213
6213
6213
6216
6219
6221
6222
6222
6224
6225
6226
6226
6227
6228
6229
6230
6231
6231
6231
6232
6233
6235
6236
6237
6237
6237
6239
6241
6246
6246
6248
6248
6248
6249
6249
6255
6255
6257
6263
6263
6265
6265
6265
6266
6266
6268
6268
6269
6271
6271
6274
6274
6278
6281
6282
6283
6283
6285
6288
6289
6292
6299
6300
6301
6301
6301
6301
6302
6302
6303
6304
6304
6305
6305
6306
6308
6308
6311
6312
6313
6315
6315
6317
6317
6318
6320
6321
6321
6321
6324
6325
6330
6333
6333
6338
6339
6341
6343
6343
6345
6347
6348
6349
6349
6349
6350
6351
6352
6353
6354
6354
6354
6355
6357
6360
6360
6363
6365
6365
6365
6365
6366
6367
6367
6371
6375
6375
6376
6376
6376
6377
6377
6378
6380
6380
6383
6384
6384
6385
6386
6387
6387
6387
6390
6393
6393
6395
6398
6399
6403
6404
6406
6410
6410
6412
6412
6413
6414
6415
6416
6421
6421
6421
6422
6423
6423
6426
6426
6426
6427
6427
6430
6430
6434
6436
6436
6438
6439
6440
6442
6442
6443
6443
6444
6447
6447
6447
6449
6449
6452
6453
6459
6459
6460
6461
6462
6463
6463
6464
6466
6467
6467
6467
6468
6469
6470
6472
6472
6473
6473
6473
6478
6479
6480
6482
6483
6485
6486
6487
6487
6488
6488
6489
6492
6493
6494
6494
6495
6498
6499
6500
6502
6502
6502
6502
6502
6503
6504
6504
6504
6505
6509
6510
6512
6512
6512
6513
6514
6515
6517
6517
6519
6520
6520
6521
6521
6522
6522
6523
6524
6524
6525
6525
6526
6528
6528
6529
6529
6530
6530
6531
6532
6533
6534
6534
6534
6535
6537
6538
6540
6541
6542
6543
6545
6546
6546
6546
6548
6549
6549
6551
6551
6553
6553
6554
6554
6555
6557
6557
6558
6559
6559
6560
6561
6561
6562
6562
6563
6563
6564
6564
6564
6568
6571
6571
6572
6572
6572
6573
6576
6578
6582
6583
6583
6583
6584
6585
6587
6590
6591
6591
6592
6594
6595
6595
6596
6596
6597
6598
6598
6600
6600
6600
6601
6603
6605
6606
6608
6608
6609
6610
6612
6613
6614
6617
6617
6621
6621
6622
6625
6626
6626
6627
6628
6628
6633
6633
6633
6634
6634
6635
6636
6637
6637
6639
6640
6641
6641
6643
6643
6646
6646
6646
6648
6649
6649
6649
6649
6651
6652
6653
6654
6654
6659
6659
6661
6662
6663
6663
6665
6667
6669
6669
6670
6671
6671
6673
6674
6674
6674
6674
6675
6677
6677
6677
6678
6679
6679
6682
6682
6682
6683
6684
6685
6685
6686
6687
6688
6690
6690
6691
6692
6692
6693
6693
6694
6697
6698
6699
6700
6701
6702
6703
6705
6705
6706
6707
6709
6710
6710
6710
6711
6712
6713
6713
6714
6714
6716
6716
6716
6717
6719
6722
6723
6723
6724
6725
6729
6730
6731
6731
6732
6732
6733
6734
6734
6735
6735
6737
6737
6740
6741
6743
6744
6745
6746
6749
6750
6750
6750
6751
6754
6754
6755
6756
6757
6757
6758
6758
6758
6764
6765
6766
6766
6767
6768
6768
6770
6770
6772
6773
6774
6774
6775
6775
6777
6778
6779
6781
6783
6783
6783
6785
6785
6786
6786
6787
6787
6788
6789
6789
6790
6791
6791
6791
6792
6795
6797
6797
6797
6797
6797
6801
6801
6801
6803
6803
6803
6803
6806
6806
6809
6810
6810
6810
6810
6810
6811
6814
6814
6817
6819
6819
6819
6822
6822
6824
6825
6827
6828
6835
6835
6836
6836
6836
6838
6844
6845
6846
6847
6852
6854
6855
6855
6855
6857
6859
6860
6861
6861
6862
6863
6865
6867
6867
6869
6871
6872
6873
6874
6874
6875
6876
6879
6882
6884
6888
6889
6889
6890
6891
6892
6892
6892
6894
6894
6894
6896
6896
6896
6898
6899
6900
6904
6906
6907
6911
6912
6912
6913
6914
6916
6916
6917
6920
6921
6922
6925
6925
6926
6926
6926
6927
6927
6928
6928
6929
6929
6932
6933
6934
6935
6937
6937
6938
6938
6938
6939
6941
6943
6944
6944
6944
6945
6948
6949
6951
6952
6953
6955
6956
6957
6957
6958
6959
6960
6961
6964
6965
6965
6965
6966
6966
6968
6970
6970
6971
6971
6973
6974
6976
6976
6977
6977
6979
6981
6983
6984
6984
6984
6986
6986
6987
6987
6988
6988
6990
6991
6994
6994
6996
6996
6997
6997
6998
6999
7001
7007
7008
7010
7010
7011
7011
7013
7014
7015
7015
7017
7018
7018
7022
7024
7025
7025
7027
7028
7028
7029
7030
7032
7033
7033
7033
7034
7034
7035
7035
7036
7036
7037
7039
7040
7045
7046
7047
7048
7050
7050
7050
7051
7051
7051
7052
7052
7052
7053
7053
7055
7055
7055
7058
7059
7060
7060
7060
7060
7062
7062
7062
7063
7064
7067
7067
7068
7069
7069
7069
7070
7071
7072
7075
7077
7078
7081
7082
7083
7083
7087
7089
7089
7090
7091
7093
7095
7096
7100
7100
7103
7104
7105
7105
7107
7111
7111
7112
7112
7113
7114
7114
7114
7116
7116
7116
7117
7118
7118
7119
7120
7120
7122
7122
7124
7124
7124
7125
7126
7126
7126
7128
7129
7130
7130
7131
7134
7134
7136
7139
7140
7140
7140
7141
7141
7144
7145
7146
7148
7148
7149
7150
7150
7150
7152
7153
7154
7154
7155
7155
7156
7156
7157
7158
7158
7158
7162
7167
7167
7167
7169
7169
7171
7173
7175
7176
7177
7178
7178
7179
7179
7181
7183
7184
7184
7185
7185
7186
7187
7190
7191
7194
7195
7196
7197
7197
7197
7198
7198
7198
7200
7201
7202
7202
7203
7203
7206
7207
7208
7208
7210
7210
7211
7212
7212
7213
7216
7216
7217
7217
7221
7223
7224
7226
7229
7230
7232
7233
7233
7235
7235
7236
7236
7238
7238
7241
7243
7245
7248
7249
7252
7252
7254
7254
7255
7256
7256
7257
7257
7259
7261
7261
7262
7262
7262
7262
7262
7263
7265
7265
7266
7266
7267
7271
7271
7272
7272
7273
7273
7275
7275
7276
7277
7277
7279
7283
7285
7285
7285
7292
7293
7294
7295
7296
7296
7297
7298
7299
7300
7301
7302
7306
7306
7308
7310
7311
7312
7312
7312
7313
7315
7315
7317
7317
7317
7318
7319
7320
7321
7323
7325
7326
7326
7327
7329
7329
7330
7330
7330
7331
7331
7332
7332
7332
7333
7334
7337
7338
7339
7340
7340
7340
7343
7343
7345
7347
7349
7350
7351
7355
7356
7357
7357
7358
7360
7360
7361
7364
7365
7368
7368
7368
7369
7370
7372
7373
7373
7374
7374
7374
7375
7377
7378
7378
7381
7382
7384
7385
7385
7392
7392
7396
7396
7398
7400
7400
7402
7405
7405
7406
7407
7408
7408
7412
7413
7413
7414
7417
7417
7418
7418
7418
7419
7420
7421
7425
7425
7425
7426
7426
7426
7427
7428
7429
7429
7430
7430
7430
7435
7437
7438
7438
7439
7440
7440
7440
7441
7442
7443
7444
7445
7445
7445
7446
7448
7449
7449
7450
7451
7453
7453
7454
7454
7454
7455
7455
7456
7457
7457
7458
7458
7460
7460
7465
7467
7468
7469
7472
7473
7475
7476
7480
7480
7480
7481
7483
7485
7486
7489
7490
7490
7492
7493
7494
7498
7502
7502
7504
7505
7506
7506
7508
7509
7510
7510
7512
7512
7512
7514
7514
7515
7515
7515
7515
7515
7515
7516
7516
7517
7519
7519
7519
7519
7523
7524
7526
7527
7529
7529
7531
7531
7533
7540
7544
7544
7546
7548
7549
7551
7551
7552
7553
7553
7553
7554
7554
7554
7555
7555
7555
7555
7556
7558
7558
7559
7562
7562
7563
7564
7565
7567
7568
7568
7569
7569
7570
7570
7571
7571
7572
7573
7574
7575
7578
7580
7580
7581
7583
7583
7584
7587
7587
7591
7593
7594
7596
7596
7596
7598
7598
7599
7601
7605
7607
7609
7609
7609
7610
7612
7619
7622
7625
7625
7626
7629
7630
7632
7634
7635
7635
7636
7637
7638
7638
7640
7641
7643
7643
7644
7645
7645
7646
7646
7648
7649
7651
7651
7651
7654
7655
7655
7657
7659
7659
7659
7660
7660
7662
7663
7664
7665
7666
7666
7667
7668
7668
7673
7673
7675
7675
7676
7676
7676
7677
7677
7679
7679
7680
7681
7681
7681
7682
7683
7684
7684
7684
7687
7688
7688
7689
7691
7692
7692
7692
7695
7695
7696
7697
7698
7699
7700
7700
7701
7701
7702
7702
7702
7703
7704
7705
7706
7707
7708
7708
7708
7710
7710
7711
7713
7714
7714
7716
7717
7721
7722
7723
7724
7724
7726
7728
7732
7737
7737
7739
7740
7740
7741
7742
7743
7743
7743
7744
7745
7746
7747
7747
7748
7748
7750
7752
7752
7753
7754
7756
7757
7758
7758
7758
7760
7762
7764
7767
7768
7768
7769
7769
7770
7771
7772
7772
7773
7773
7775
7775
7776
7776
7778
7778
7779
7780
7781
7782
7785
7786
7790
7791
7793
7794
7794
7795
7795
7796
7796
7798
7798
7800
7802
7804
7804
7806
7807
7808
7809
7809
7810
7813
7813
7815
7815
7816
7816
7820
7821
7821
7822
7824
7824
7825
7826
7826
7827
7827
7828
7828
7830
7831
7831
7833
7835
7836
7838
7838
7840
7841
7842
7845
7845
7845
7848
7850
7851
7857
7860
7860
7861
7862
7863
7864
7865
7865
7871
7872
7873
7873
7875
7876
7880
7880
7881
7881
7882
7882
7882
7882
7883
7885
7886
7886
7886
7887
7887
7888
7889
7890
7890
7890
7893
7893
7893
7895
7895
7899
7900
7901
7901
7902
7902
7903
7903
7904
7904
7906
7908
7908
7908
7909
7912
7915
7920
7920
7921
7922
7922
7924
7924
7926
7926
7926
7928
7931
7931
7932
7933
7935
7938
7938
7939
7941
7941
7941
7943
7943
7944
7944
7946
7946
7947
7947
7948
7948
7949
7950
7951
7951
7953
7954
7956
7959
7961
7961
7961
7964
7964
7964
7965
7966
7967
7968
7969
7973
7973
7974
7974
7975
7977
7978
7978
7979
7981
7982
7982
7983
7984
7985
7985
7986
7987
7989
7990
7992
7992
7994
7994
7995
7995
7995
7995
7995
7995
7997
7998
8000
8001
8002
8006
8007
8008
8009
8012
8012
8014
8014
8014
8016
8017
8018
8019
8020
8020
8021
8022
8025
8026
8027
8027
8028
8030
8031
8031
8033
8033
8034
8036
8037
8038
8039
8041
8043
8046
8046
8048
8048
8049
8051
8053
8053
8054
8055
8058
8058
8059
8060
8060
8066
8067
8069
8069
8070
8072
8073
8073
8073
8075
8076
8080
8080
8081
8082
8083
8084
8085
8086
8088
8091
8091
8092
8092
8093
8093
8094
8095
8096
8096
8096
8097
8097
8098
8098
8099
8099
8101
8103
8103
8104
8104
8104
8105
8107
8108
8108
8109
8111
8112
8112
8112
8115
8115
8117
8119
8120
8126
8128
8130
8130
8131
8131
8132
8133
8134
8135
8135
8136
8136
8139
8139
8140
8142
8146
8146
8147
8148
8151
8155
8155
8155
8156
8157
8159
8160
8163
8163
8165
8166
8166
8168
8168
8169
8169
8169
8169
8170
8171
8171
8172
8173
8177
8178
8178
8179
8180
8180
8180
8181
8182
8182
8183
8183
8183
8184
8186
8187
8187
8190
8193
8193
8195
8196
8201
8202
8204
8206
8208
8209
8213
8215
8217
8219
8221
8221
8222
8222
8223
8224
8224
8224
8225
8225
8226
8227
8228
8229
8229
8231
8231
8231
8232
8233
8234
8235
8241
8241
8242
8244
8245
8247
8247
8249
8250
8251
8252
8253
8255
8255
8256
8257
8257
8258
8258
8258
8259
8260
8260
8261
8261
8263
8264
8265
8265
8265
8265
8266
8266
8267
8267
8267
8270
8272
8272
8272
8274
8274
8274
8274
8276
8276
8277
8278
8278
8278
8280
8281
8282
8283
8283
8285
8285
8286
8287
8287
8287
8287
8290
8291
8293
8294
8295
8295
8296
8297
8297
8298
8298
8300
8304
8305
8306
8310
8311
8311
8314
8317
8318
8318
8319
8319
8320
8321
8321
8322
8322
8323
8324
8325
8325
8326
8332
8332
8333
8334
8336
8338
8338
8340
8341
8342
8342
8342
8344
8345
8347
8347
8348
8349
8351
8351
8352
8355
8356
8358
8358
8360
8361
8361
8364
8365
8366
8368
8371
8371
8372
8372
8372
8373
8379
8380
8383
8383
8384
8385
8387
8388
8389
8389
8389
8391
8392
8395
8396
8398
8398
8402
8407
8407
8408
8408
8409
8409
8409
8410
8410
8411
8412
8412
8413
8413
8414
8416
8417
8417
8418
8418
8418
8418
8418
8418
8421
8421
8422
8424
8425
8426
8429
8433
8434
8435
8437
8438
8439
8439
8442
8443
8446
8448
8448
8450
8454
8454
8454
8456
8457
8459
8459
8461
8462
8467
8468
8469
8474
8475
8477
8477
8478
8479
8480
8482
8486
8487
8488
8488
8490
8491
8493
8495
8496
8497
8498
8499
8500
8501
8501
8501
8502
8503
8504
8505
8505
8506
8506
8507
8509
8509
8515
8515
8516
8519
8519
8519
8525
8526
8526
8528
8529
8532
8532
8533
8534
8535
8535
8536
8537
8538
8539
8540
8541
8542
8542
8543
8543
8544
8546
8547
8549
8551
8551
8552
8552
8552
8552
8556
8556
8557
8559
8560
8560
8562
8562
8562
8563
8563
8567
8567
8567
8569
8570
8570
8570
8570
8572
8574
8574
8577
8577
8578
8578
8579
8580
8581
8582
8583
8583
8584
8585
8587
8587
8589
8591
8592
8593
8594
8594
8595
8597
8598
8599
8600
8601
8602
8602
8605
8605
8605
8608
8608
8609
8611
8611
8612
8613
8613
8613
8613
8614
8615
8616
8617
8618
8622
8623
8624
8624
8628
8629
8629
8629
8630
8631
8631
8631
8632
8633
8633
8636
8640
8640
8641
8642
8642
8643
8643
8644
8648
8651
8651
8654
8655
8655
8655
8657
8658
8659
8659
8660
8661
8662
8662
8666
8668
8668
8668
8670
8670
8673
8673
8674
8676
8676
8678
8679
8680
8680
8680
8680
8681
8681
8681
8681
8683
8684
8686
8687
8688
8688
8688
8689
8692
8693
8695
8696
8696
8697
8702
8707
8708
8710
8710
8712
8712
8715
8717
8719
8719
8720
8721
8722
8725
8725
8726
8727
8728
8728
8730
8730
8731
8731
8736
8737
8737
8739
8739
8740
8740
8741
8741
8742
8744
8744
8744
8745
8745
8750
8751
8752
8753
8754
8757
8758
8758
8760
8763
8764
8764
8764
8767
8768
8769
8769
8772
8773
8774
8774
8782
8785
8789
8789
8790
8791
8791
8794
8795
8795
8796
8796
8799
8802
8803
8803
8804
8804
8806
8809
8809
8811
8813
8813
8816
8817
8820
8821
8821
8823
8824
8826
8831
8832
8834
8835
8837
8837
8837
8838
8840
8842
8842
8842
8843
8844
8845
8845
8847
8850
8850
8850
8851
8851
8851
8854
8854
8855
8856
8856
8857
8859
8859
8859
8859
8861
8861
8862
8863
8863
8863
8864
8865
8867
8867
8868
8869
8869
8870
8872
8872
8874
8875
8875
8875
8875
8875
8876
8878
8879
8884
8890
8891
8894
8894
8898
8899
8899
8901
8902
8902
8903
8903
8904
8906
8907
8908
8908
8909
8910
8910
8910
8912
8912
8913
8914
8917
8920
8920
8921
8922
8923
8923
8923
8924
8924
8925
8927
8928
8928
8929
8929
8932
8932
8934
8934
8934
8936
8936
8937
8937
8938
8938
8940
8941
8944
8945
8945
8945
8946
8946
8946
8947
8947
8948
8948
8948
8950
8952
8954
8954
8956
8959
8960
8960
8961
8963
8965
8968
8971
8971
8975
8976
8977
8978
8978
8979
8979
8980
8980
8982
8983
8983
8984
8985
8985
8987
8988
8988
8990
8997
9000
9001
9001
9002
9002
9004
9005
9005
9010
9010
9011
9011
9013
9014
9014
9014
9014
9018
9018
9019
9019
9020
9020
9020
9020
9022
9022
9024
9025
9025
9027
9027
9032
9033
9035
9035
9037
9037
9039
9040
9040
9041
9042
9042
9042
9044
9044
9044
9047
9048
9050
9051
9052
9053
9055
9056
9057
9057
9061
9062
9062
9065
9067
9068
9068
9068
9071
9071
9073
9073
9076
9077
9078
9078
9079
9084
9084
9084
9084
9085
9086
9086
9087
9090
9091
9092
9093
9094
9095
9096
9096
9096
9097
9098
9098
9099
9099
9100
9100
9102
9103
9103
9104
9105
9106
9111
9111
9115
9116
9116
9117
9117
9118
9120
9122
9123
9125
9126
9126
9126
9130
9132
9132
9132
9134
9136
9138
9139
9139
9141
9142
9143
9147
9149
9150
9151
9153
9155
9158
9158
9159
9160
9160
9161
9161
9162
9162
9164
9165
9166
9167
9168
9169
9170
9171
9172
9172
9174
9176
9176
9176
9180
9183
9185
9185
9186
9187
9191
9192
9194
9194
9197
9199
9199
9199
9200
9204
9205
9207
9207
9208
9208
9208
9212
9216
9217
9220
9221
9221
9221
9222
9223
9223
9224
9225
9225
9225
9226
9226
9227
9228
9230
9230
9231
9233
9234
9235
9235
9237
9238
9238
9240
9240
9241
9241
9241
9242
9242
9243
9244
9244
9249
9251
9255
9255
9256
9257
9259
9260
9261
9261
9262
9263
9264
9265
9267
9267
9268
9270
9272
9273
9273
9274
9274
9274
9275
9279
9279
9281
9284
9285
9286
9286
9287
9288
9288
9291
9291
9292
9293
9294
9295
9296
9296
9298
9299
9301
9302
9306
9308
9309
9309
9310
9310
9311
9312
9312
9314
9314
9314
9316
9318
9318
9318
9318
9319
9320
9320
9321
9322
9322
9322
9325
9326
9329
9329
9330
9331
9331
9332
9334
9335
9337
9337
9339
9342
9342
9343
9343
9343
9346
9346
9347
9349
9350
9350
9350
9351
9354
9355
9356
9356
9356
9358
9358
9360
9361
9361
9361
9362
9363
9364
9364
9365
9370
9374
9375
9377
9377
9378
9381
9382
9383
9383
9384
9385
9386
9386
9388
9388
9390
9390
9391
9395
9395
9396
9396
9396
9396
9396
9396
9397
9397
9398
9398
9399
9400
9400
9401
9401
9401
9402
9402
9402
9403
9403
9403
9404
9405
9406
9408
9409
9410
9411
9411
9412
9413
9417
9418
9418
9418
9422
9422
9422
9425
9426
9427
9429
9430
9431
9431
9431
9434
9437
9437
9438
9440
9442
9443
9445
9447
9448
9451
9451
9452
9453
9455
9457
9458
9461
9462
9462
9463
9466
9467
9469
9470
9471
9471
9472
9473
9474
9476
9477
9479
9481
9481
9482
9482
9482
9482
9483
9485
9488
9491
9492
9494
9494
9496
9496
9497
9498
9499
9502
9503
9503
9504
9504
9508
9510
9510
9511
9512
9514
9514
9518
9519
9521
9521
9522
9522
9524
9526
9529
9530
9531
9533
9533
9535
9536
9536
9537
9537
9537
9537
9538
9538
9539
9540
9541
9541
9543
9546
9547
9548
9548
9549
9552
9553
9556
9557
9558
9559
9563
9564
9565
9566
9567
9568
9568
9568
9568
9569
9569
9570
9570
9573
9575
9576
9580
9581
9581
9583
9583
9585
9589
9590
9592
9593
9593
9594
9594
9595
9596
9596
9597
9598
9599
9599
9600
9600
9601
9601
9603
9604
9604
9605
9606
9609
9609
9611
9611
9612
9612
9612
9612
9612
9613
9613
9615
9616
9616
9617
9617
9617
9618
9619
9621
9622
9624
9626
9626
9626
9627
9627
9628
9628
9629
9630
9632
9633
9635
9635
9635
9636
9636
9637
9640
9640
9641
9641
9643
9643
9645
9648
9648
9649
9650
9652
9652
9653
9653
9656
9656
9657
9659
9660
9660
9661
9662
9662
9662
9664
9664
9664
9666
9668
9669
9670
9671
9671
9672
9672
9672
9673
9676
9676
9678
9678
9680
9681
9681
9683
9684
9689
9689
9689
9691
9692
9693
9693
9694
9695
9696
9696
9697
9698
9700
9700
9700
9700
9701
9701
9702
9702
9703
9703
9703
9705
9706
9706
9710
9714
9714
9715
9715
9715
9715
9716
9718
9718
9718
9722
9725
9725
9725
9726
9727
9727
9727
9727
9728
9730
9730
9731
9732
9732
9733
9734
9735
9735
9736
9736
9736
9739
9740
9740
9741
9742
9747
9747
9748
9751
9755
9757
9757
9757
9758
9759
9761
9761
9762
9762
9765
9765
9766
9767
9768
9768
9769
9772
9773
9774
9774
9775
9775
9776
9777
9777
9777
9778
9778
9779
9779
9779
9779
9780
9780
9780
9784
9785
9786
9787
9788
9788
9789
9790
9791
9791
9792
9793
9795
9796
9797
9798
9800
9801
9801
9802
9805
9805
9805
9810
9812
9812
9814
9818
9820
9822
9824
9825
9827
9829
9831
9833
9833
9834
9834
9837
9837
9839
9840
9840
9841
9841
9842
9843
9845
9847
9848
9849
9849
9850
9850
9851
9853
9854
9857
9859
9859
9861
9862
9863
9863
9865
9867
9867
9868
9871
9872
9872
9875
9879
9880
9880
9881
9886
9889
9889
9891
9893
9894
9895
9895
9895
9897
9898
9898
9899
9903
9904
9904
9906
9909
9909
9910
9913
9914
9916
9917
9918
9918
9921
9921
9921
9922
9925
9926
9929
9930
9930
9931
9932
9933
9933
9934
9938
9938
9940
9943
9945
9949
9950
9952
9953
9955
9957
9957
9959
9959
9960
9961
9961
9961
9962
9962
9962
9963
9964
9965
9965
9967
9967
9968
9969
9971
9971
9971
9971
9971
9972
9973
9974
9975
9975
9976
9979
9979
9980
9983
9984
9987
9988
9989
9991
9991
9992
9995
9996
9996
9997
9997
9997
9998
9999