9984
9983
9968
9941
9927
9908
9906
9893
9887
9864
9857
9855
9842
9834
9819
9782
9763
9756
9754
9743
9739
9733
9730
9730
9714
9713
9712
9702
9671
9668
9667
9650
9636
9628
9624
9613
9608
9603
9578
9567
9556
9551
9547
9540
9534
9523
9523
9481
9481
9456
9454
9452
9430
9428
9424
9408
9390
9380
9359
9331
9323
9321
9304
9293
9273
9272
9260
9254
9249
9247
9247
9227
9220
9218
9204
9200
9199
9197
9188
9184
9181
9179
9158
9157
9154
9139
9104
9095
9092
9084
9079
9070
9043
9035
9021
9013
9004
9000
8990
8982
8954
8953
8948
8927
8921
8899
8886
8876
8871
8869
8866
8859
8843
8829
8818
8808
8807
8786
8761
8758
8749
8737
8737
8729
8721
8718
8691
8683
8668
8668
8653
8635
8616
8604
8586
8579
8567
8543
8541
8541
8527
8524
8502
8499
8454
8450
8445
8428
8392
8389
8384
8384
8373
8364
8361
8360
8358
8347
8345
8342
8336
8333
8302
8298
8297
8287
8281
8262
8239
8237
8232
8232
8208
8191
8180
8175
8162
8160
8146
8131
8126
8114
8105
8099
8083
8077
8059
8041
8037
8019
8007
7992
7978
7957
7956
7939
7911
7907
7897
7868
7850
7845
7840
7822
7796
7777
7775
7772
7759
7757
7748
7747
7742
7708
7692
7678
7672
7664
7644
7644
7644
7602
7593
7592
7592
7590
7573
7554
7549
7546
7541
7536
7500
7490
7480
7470
7461
7453
7452
7438
7438
7411
7409
7405
7405
7380
7369
7336
7332
7326
7322
7310
7288
7281
7264
7244
7226
7212
7206
7196
7195
7169
7168
7163
7159
7158
7139
7139
7134
7127
7125
7111
7102
7102
7089
7081
7072
7064
7049
7042
7030
7011
7005
7001
6978
6970
6968
6968
6963
6961
6957
6944
6944
6929
6882
6857
6854
6852
6848
6817
6810
6801
6796
6793
6786
6781
6774
6773
6772
6743
6722
6717
6691
6686
6671
6650
6639
6606
6604
6600
6597
6579
6571
6558
6550
6539
6504
6500
6499
6499
6488
6487
6480
6480
6472
6466
6466
6454
6433
6432
6428
6423
6419
6406
6383
6377
6360
6345
6343
6295
6285
6247
6241
6233
6233
6233
6219
6214
6181
6179
6173
6161
6130
6117
6098
6097
6081
6074
6068
6051
6050
6049
6041
6011
6011
5994
5993
5980
5974
5974
5972
5957
5954
5952
5938
5933
5906
5905
5883
5879
5868
5865
5864
5858
5826
5816
5815
5805
5801
5790
5790
5773
5771
5766
5750
5744
5739
5715
5684
5683
5660
5660
5659
5644
5615
5605
5592
5592
5574
5543
5537
5530
5524
5510
5492
5430
5418
5395
5392
5390
5389
5360
5358
5356
5355
5354
5336
5334
5326
5320
5311
5291
5287
5284
5281
5267
5257
5253
5246
5246
5224
5223
5200
5198
5184
5166
5143
5133
5129
5128
5117
5104
5089
5074
5068
5049
5030
5015
5006
5004
4999
4992
4988
4987
4987
4982
4979
4976
4974
4971
4958
4946
4933
4918
4911
4910
4900
4879
4827
4817
4797
4791
4775
4767
4756
4663
4654
4623
4619
4601
4598
4576
4573
4551
4545
4526
4508
4506
4497
4432
4417
4414
4407
4407
4394
4392
4365
4362
4345
4339
4261
4259
4257
4251
4235
4211
4189
4165
4163
4163
4159
4158
4150
4141
4117
4113
4056
4038
4033
4031
4027
4006
4004
3997
3995
3982
3979
3950
3948
3940
3932
3901
3894
3871
3861
3854
3839
3833
3812
3807
3804
3799
3798
3796
3791
3790
3765
3759
3699
3693
3688
3673
3652
3651
3645
3642
3632
3631
3626
3614
3612
3612
3596
3587
3573
3556
3525
3504
3497
3496
3494
3489
3472
3450
3449
3444
3424
3423
3423
3389
3387
3378
3348
3347
3337
3329
3295
3278
3272
3272
3267
3265
3263
3263
3262
3227
3207
3206
3187
3182
3180
3169
3167
3150
3146
3142
3142
3116
3104
3103
3103
3099
3092
3070
3065
3060
3055
3043
3028
3027
3024
3003
2991
2991
2984
2979
2969
2965
2952
2922
2917
2899
2898
2893
2876
2867
2834
2831
2826
2820
2813
2806
2801
2790
2780
2770
2764
2762
2754
2742
2740
2726
2724
2713
2694
2691
2679
2668
2665
2643
2622
2619
2614
2613
2612
2587
2567
2540
2526
2516
2511
2496
2482
2481
2479
2479
2474
2464
2453
2443
2432
2428
2426
2415
2406
2382
2382
2381
2377
2355
2344
2336
2332
2314
2293
2240
2237
2235
2233
2222
2219
2217
2205
2193
2185
2185
2181
2178
2176
2175
2167
2163
2156
2130
2119
2079
2058
2054
2053
2045
2037
2033
2031
2025
2007
1999
1998
1993
1993
1982
1967
1963
1960
1936
1929
1911
1910
1905
1902
1900
1884
1872
1868
1858
1857
1854
1854
1853
1851
1844
1839
1828
1827
1825
1824
1812
1810
1809
1808
1800
1776
1772
1758
1746
1746
1739
1726
1726
1725
1722
1719
1717
1706
1673
1670
1657
1649
1622
1599
1599
1574
1563
1561
1559
1559
1551
1537
1533
1532
1532
1527
1514
1504
1502
1495
1492
1492
1489
1488
1483
1473
1469
1459
1445
1419
1418
1415
1405
1391
1386
1384
1381
1378
1375
1373
1372
1360
1356
1352
1341
1334
1331
1329
1317
1316
1308
1306
1269
1259
1244
1242
1236
1234
1220
1213
1207
1199
1170
1161
1158
1145
1140
1128
1126
1123
1102
1096
1092
1092
1091
1090
1088
1087
1086
1084
1083
1082
1074
1072
1065
1064
1064
1064
1064
1063
1063
1062
1061
1057
1056
1056
1056
1055
1054
1054
1052
1051
1051
1051
1050
1050
1049
1048
1047
1046
1046
1045
1044
1043
1039
1038
1038
1038
1038
1038
1037
1036
1036
1036
1035
1034
1033
1033
1033
1032
1032
1031
1031
1030
1029
1029
1029
1029
1029
1029
1029
1028
1027
1027
1027
1026
1026
1026
1025
1025
1025
1023
1023
1022
1022
1021
1021
1021
1021
1021
1020
1020
1019
1018
1018
1017
1017
1017
1017
1016
1016
1015
1014
1014
1013
1011
1010
1010
1010
1010
1009
1009
1009
1009
1009
1008
1008
1008
1007
1005
1005
1005
1005
1005
1004
1003
1003
1003
1002
1002
1001
1001
1000
1000
1000