9961
9896
9852
9786
9626
9595
9522
9426
9351
9283
9037
8875
8842
8714
8686
8569
8437
8374
8254
8124
8105
7754
7603
7532
7512
7443
7441
7358
7280
7251
7158
7138
7125
7041
6893
6857
6786
6641
6565
6518
6387
6276
6238
6178
5765
5556
5553
5385
5159
5108
5048
4830
4655
4497
4391
4266
4066
3944
3824
3735
3593
3440
3416
3217
3167
3023
2765
2761
2759
2557
2327
2214
2064
2002
1909
1896
1859
1786
1711
1708
1660
1589
1417
1338
1325
1267
1264
1258
1258
1172
1158
1089
1084
1050
1035
1029
1028
1016
1002
1000