8105
1028
3023
3593
1417
5765
9786
6857
4066
3944
3735
6641
6238
1909
5385
9961
6518
1029
2214
1325
6565
7603
7158
2327
7251
5159
5556
7441
2002
1267
7443
3416
1002
1089
9351
1896
5048
1000
7138
5108
8842
1035
9626
2064
1660
2557
8714
4497
1084
1786
7125
4266
9037
6786
6276
8124
6893
8686
8875
8374
6387
1859
1708
7041
3440
2761
1264
1158
5553
7358
1258
9595
7532
8254
1338
1711
7512
9426
9283
9896
6178
1016
1258
1172
8569
4830
7280
7754
3167
1050
8437
4391
3824
2765
9852
4655
9522
2759
3217
1589
