9999
9998
9997
9997
9997
9996
9996
9995
9992
9991
9991
9989
9988
9987
9984
9983
9980
9979
9979
9976
9975
9975
9974
9973
9972
9971
9971
9971
9971
9971
9969
9968
9967
9967
9965
9965
9964
9963
9962
9962
9962
9961
9961
9961
9960
9959
9959
9957
9957
9955
9953
9952
9950
9949
9945
9943
9940
9938
9938
9934
9933
9933
9932
9931
9930
9930
9929
9926
9925
9922
9921
9921
9921
9918
9918
9917
9916
9914
9913
9910
9909
9909
9906
9904
9904
9903
9899
9898
9898
9897
9895
9895
9895
9894
9893
9891
9889
9889
9886
9881
9880
9880
9879
9875
9872
9872
9871
9868
9867
9867
9865
9863
9863
9862
9861
9859
9859
9857
9854
9853
9851
9850
9850
9849
9849
9848
9847
9845
9843
9842
9841
9841
9840
9840
9839
9837
9837
9834
9834
9833
9833
9831
9829
9827
9825
9824
9822
9820
9818
9814
9812
9812
9810
9805
9805
9805
9802
9801
9801
9800
9798
9797
9796
9795
9793
9792
9791
9791
9790
9789
9788
9788
9787
9786
9785
9784
9780
9780
9780
9779
9779
9779
9779
9778
9778
9777
9777
9777
9776
9775
9775
9774
9774
9773
9772
9769
9768
9768
9767
9766
9765
9765
9762
9762
9761
9761
9759
9758
9757
9757
9757
9755
9751
9748
9747
9747
9742
9741
9740
9740
9739
9736
9736
9736
9735
9735
9734
9733
9732
9732
9731
9730
9730
9728
9727
9727
9727
9727
9726
9725
9725
9725
9722
9718
9718
9718
9716
9715
9715
9715
9715
9714
9714
9710
9706
9706
9705
9703
9703
9703
9702
9702
9701
9701
9700
9700
9700
9700
9698
9697
9696
9696
9695
9694
9693
9693
9692
9691
9689
9689
9689
9684
9683
9681
9681
9680
9678
9678
9676
9676
9673
9672
9672
9672
9671
9671
9670
9669
9668
9666
9664
9664
9664
9662
9662
9662
9661
9660
9660
9659
9657
9656
9656
9653
9653
9652
9652
9650
9649
9648
9648
9645
9643
9643
9641
9641
9640
9640
9637
9636
9636
9635
9635
9635
9633
9632
9630
9629
9628
9628
9627
9627
9626
9626
9626
9624
9622
9621
9619
9618
9617
9617
9617
9616
9616
9615
9613
9613
9612
9612
9612
9612
9612
9611
9611
9609
9609
9606
9605
9604
9604
9603
9601
9601
9600
9600
9599
9599
9598
9597
9596
9596
9595
9594
9594
9593
9593
9592
9590
9589
9585
9583
9583
9581
9581
9580
9576
9575
9573
9570
9570
9569
9569
9568
9568
9568
9568
9567
9566
9565
9564
9563
9559
9558
9557
9556
9553
9552
9549
9548
9548
9547
9546
9543
9541
9541
9540
9539
9538
9538
9537
9537
9537
9537
9536
9536
9535
9533
9533
9531
9530
9529
9526
9524
9522
9522
9521
9521
9519
9518
9514
9514
9512
9511
9510
9510
9508
9504
9504
9503
9503
9502
9499
9498
9497
9496
9496
9494
9494
9492
9491
9488
9485
9483
9482
9482
9482
9482
9481
9481
9479
9477
9476
9474
9473
9472
9471
9471
9470
9469
9467
9466
9463
9462
9462
9461
9458
9457
9455
9453
9452
9451
9451
9448
9447
9445
9443
9442
9440
9438
9437
9437
9434
9431
9431
9431
9430
9429
9427
9426
9425
9422
9422
9422
9418
9418
9418
9417
9413
9412
9411
9411
9410
9409
9408
9406
9405
9404
9403
9403
9403
9402
9402
9402
9401
9401
9401
9400
9400
9399
9398
9398
9397
9397
9396
9396
9396
9396
9396
9396
9395
9395
9391
9390
9390
9388
9388
9386
9386
9385
9384
9383
9383
9382
9381
9378
9377
9377
9375
9374
9370
9365
9364
9364
9363
9362
9361
9361
9361
9360
9358
9358
9356
9356
9356
9355
9354
9351
9350
9350
9350
9349
9347
9346
9346
9343
9343
9343
9342
9342
9339
9337
9337
9335
9334
9332
9331
9331
9330
9329
9329
9326
9325
9322
9322
9322
9321
9320
9320
9319
9318
9318
9318
9318
9316
9314
9314
9314
9312
9312
9311
9310
9310
9309
9309
9308
9306
9302
9301
9299
9298
9296
9296
9295
9294
9293
9292
9291
9291
9288
9288
9287
9286
9286
9285
9284
9281
9279
9279
9275
9274
9274
9274
9273
9273
9272
9270
9268
9267
9267
9265
9264
9263
9262
9261
9261
9260
9259
9257
9256
9255
9255
9251
9249
9244
9244
9243
9242
9242
9241
9241
9241
9240
9240
9238
9238
9237
9235
9235
9234
9233
9231
9230
9230
9228
9227
9226
9226
9225
9225
9225
9224
9223
9223
9222
9221
9221
9221
9220
9217
9216
9212
9208
9208
9208
9207
9207
9205
9204
9200
9199
9199
9199
9197
9194
9194
9192
9191
9187
9186
9185
9185
9183
9180
9176
9176
9176
9174
9172
9172
9171
9170
9169
9168
9167
9166
9165
9164
9162
9162
9161
9161
9160
9160
9159
9158
9158
9155
9153
9151
9150
9149
9147
9143
9142
9141
9139
9139
9138
9136
9134
9132
9132
9132
9130
9126
9126
9126
9125
9123
9122
9120
9118
9117
9117
9116
9116
9115
9111
9111
9106
9105
9104
9103
9103
9102
9100
9100
9099
9099
9098
9098
9097
9096
9096
9096
9095
9094
9093
9092
9091
9090
9087
9086
9086
9085
9084
9084
9084
9084
9079
9078
9078
9077
9076
9073
9073
9071
9071
9068
9068
9068
9067
9065
9062
9062
9061
9057
9057
9056
9055
9053
9052
9051
9050
9048
9047
9044
9044
9044
9042
9042
9042
9041
9040
9040
9039
9037
9037
9035
9035
9033
9032
9027
9027
9025
9025
9024
9022
9022
9020
9020
9020
9020
9019
9019
9018
9018
9014
9014
9014
9014
9013
9011
9011
9010
9010
9005
9005
9004
9002
9002
9001
9001
9000
8997
8990
8988
8988
8987
8985
8985
8984
8983
8983
8982
8980
8980
8979
8979
8978
8978
8977
8976
8975
8971
8971
8968
8965
8963
8961
8960
8960
8959
8956
8954
8954
8952
8950
8948
8948
8948
8947
8947
8946
8946
8946
8945
8945
8945
8944
8941
8940
8938
8938
8937
8937
8936
8936
8934
8934
8934
8932
8932
8929
8929
8928
8928
8927
8925
8924
8924
8923
8923
8923
8922
8921
8920
8920
8917
8914
8913
8912
8912
8910
8910
8910
8909
8908
8908
8907
8906
8904
8903
8903
8902
8902
8901
8899
8899
8898
8894
8894
8891
8890
8884
8879
8878
8876
8875
8875
8875
8875
8875
8874
8872
8872
8870
8869
8869
8868
8867
8867
8865
8864
8863
8863
8863
8862
8861
8861
8859
8859
8859
8859
8857
8856
8856
8855
8854
8854
8851
8851
8851
8850
8850
8850
8847
8845
8845
8844
8843
8842
8842
8842
8840
8838
8837
8837
8837
8835
8834
8832
8831
8826
8824
8823
8821
8821
8820
8817
8816
8813
8813
8811
8809
8809
8806
8804
8804
8803
8803
8802
8799
8796
8796
8795
8795
8794
8791
8791
8790
8789
8789
8785
8782
8774
8774
8773
8772
8769
8769
8768
8767
8764
8764
8764
8763
8760
8758
8758
8757
8754
8753
8752
8751
8750
8745
8745
8744
8744
8744
8742
8741
8741
8740
8740
8739
8739
8737
8737
8736
8731
8731
8730
8730
8728
8728
8727
8726
8725
8725
8722
8721
8720
8719
8719
8717
8715
8712
8712
8710
8710
8708
8707
8702
8697
8696
8696
8695
8693
8692
8689
8688
8688
8688
8687
8686
8684
8683
8681
8681
8681
8681
8680
8680
8680
8680
8679
8678
8676
8676
8674
8673
8673
8670
8670
8668
8668
8668
8666
8662
8662
8661
8660
8659
8659
8658
8657
8655
8655
8655
8654
8651
8651
8648
8644
8643
8643
8642
8642
8641
8640
8640
8636
8633
8633
8632
8631
8631
8631
8630
8629
8629
8629
8628
8624
8624
8623
8622
8618
8617
8616
8615
8614
8613
8613
8613
8613
8612
8611
8611
8609
8608
8608
8605
8605
8605
8602
8602
8601
8600
8599
8598
8597
8595
8594
8594
8593
8592
8591
8589
8587
8587
8585
8584
8583
8583
8582
8581
8580
8579
8578
8578
8577
8577
8574
8574
8572
8570
8570
8570
8570
8569
8567
8567
8567
8563
8563
8562
8562
8562
8560
8560
8559
8557
8556
8556
8552
8552
8552
8552
8551
8551
8549
8547
8546
8544
8543
8543
8542
8542
8541
8540
8539
8538
8537
8536
8535
8535
8534
8533
8532
8532
8529
8528
8526
8526
8525
8519
8519
8519
8516
8515
8515
8509
8509
8507
8506
8506
8505
8505
8504
8503
8502
8501
8501
8501
8500
8499
8498
8497
8496
8495
8493
8491
8490
8488
8488
8487
8486
8482
8480
8479
8478
8477
8477
8475
8474
8469
8468
8467
8462
8461
8459
8459
8457
8456
8454
8454
8454
8450
8448
8448
8446
8443
8442
8439
8439
8438
8437
8435
8434
8433
8429
8426
8425
8424
8422
8421
8421
8418
8418
8418
8418
8418
8418
8417
8417
8416
8414
8413
8413
8412
8412
8411
8410
8410
8409
8409
8409
8408
8408
8407
8407
8402
8398
8398
8396
8395
8392
8391
8389
8389
8389
8388
8387
8385
8384
8383
8383
8380
8379
8373
8372
8372
8372
8371
8371
8368
8366
8365
8364
8361
8361
8360
8358
8358
8356
8355
8352
8351
8351
8349
8348
8347
8347
8345
8344
8342
8342
8342
8341
8340
8338
8338
8336
8334
8333
8332
8332
8326
8325
8325
8324
8323
8322
8322
8321
8321
8320
8319
8319
8318
8318
8317
8314
8311
8311
8310
8306
8305
8304
8300
8298
8298
8297
8297
8296
8295
8295
8294
8293
8291
8290
8287
8287
8287
8287
8286
8285
8285
8283
8283
8282
8281
8280
8278
8278
8278
8277
8276
8276
8274
8274
8274
8274
8272
8272
8272
8270
8267
8267
8267
8266
8266
8265
8265
8265
8265
8264
8263
8261
8261
8260
8260
8259
8258
8258
8258
8257
8257
8256
8255
8255
8253
8252
8251
8250
8249
8247
8247
8245
8244
8242
8241
8241
8235
8234
8233
8232
8231
8231
8231
8229
8229
8228
8227
8226
8225
8225
8224
8224
8224
8223
8222
8222
8221
8221
8219
8217
8215
8213
8209
8208
8206
8204
8202
8201
8196
8195
8193
8193
8190
8187
8187
8186
8184
8183
8183
8183
8182
8182
8181
8180
8180
8180
8179
8178
8178
8177
8173
8172
8171
8171
8170
8169
8169
8169
8169
8168
8168
8166
8166
8165
8163
8163
8160
8159
8157
8156
8155
8155
8155
8151
8148
8147
8146
8146
8142
8140
8139
8139
8136
8136
8135
8135
8134
8133
8132
8131
8131
8130
8130
8128
8126
8120
8119
8117
8115
8115
8112
8112
8112
8111
8109
8108
8108
8107
8105
8104
8104
8104
8103
8103
8101
8099
8099
8098
8098
8097
8097
8096
8096
8096
8095
8094
8093
8093
8092
8092
8091
8091
8088
8086
8085
8084
8083
8082
8081
8080
8080
8076
8075
8073
8073
8073
8072
8070
8069
8069
8067
8066
8060
8060
8059
8058
8058
8055
8054
8053
8053
8051
8049
8048
8048
8046
8046
8043
8041
8039
8038
8037
8036
8034
8033
8033
8031
8031
8030
8028
8027
8027
8026
8025
8022
8021
8020
8020
8019
8018
8017
8016
8014
8014
8014
8012
8012
8009
8008
8007
8006
8002
8001
8000
7998
7997
7995
7995
7995
7995
7995
7995
7994
7994
7992
7992
7990
7989
7987
7986
7985
7985
7984
7983
7982
7982
7981
7979
7978
7978
7977
7975
7974
7974
7973
7973
7969
7968
7967
7966
7965
7964
7964
7964
7961
7961
7961
7959
7956
7954
7953
7951
7951
7950
7949
7948
7948
7947
7947
7946
7946
7944
7944
7943
7943
7941
7941
7941
7939
7938
7938
7935
7933
7932
7931
7931
7928
7926
7926
7926
7924
7924
7922
7922
7921
7920
7920
7915
7912
7909
7908
7908
7908
7906
7904
7904
7903
7903
7902
7902
7901
7901
7900
7899
7895
7895
7893
7893
7893
7890
7890
7890
7889
7888
7887
7887
7886
7886
7886
7885
7883
7882
7882
7882
7882
7881
7881
7880
7880
7876
7875
7873
7873
7872
7871
7865
7865
7864
7863
7862
7861
7860
7860
7857
7851
7850
7848
7845
7845
7845
7842
7841
7840
7838
7838
7836
7835
7833
7831
7831
7830
7828
7828
7827
7827
7826
7826
7825
7824
7824
7822
7821
7821
7820
7816
7816
7815
7815
7813
7813
7810
7809
7809
7808
7807
7806
7804
7804
7802
7800
7798
7798
7796
7796
7795
7795
7794
7794
7793
7791
7790
7786
7785
7782
7781
7780
7779
7778
7778
7776
7776
7775
7775
7773
7773
7772
7772
7771
7770
7769
7769
7768
7768
7767
7764
7762
7760
7758
7758
7758
7757
7756
7754
7753
7752
7752
7750
7748
7748
7747
7747
7746
7745
7744
7743
7743
7743
7742
7741
7740
7740
7739
7737
7737
7732
7728
7726
7724
7724
7723
7722
7721
7717
7716
7714
7714
7713
7711
7710
7710
7708
7708
7708
7707
7706
7705
7704
7703
7702
7702
7702
7701
7701
7700
7700
7699
7698
7697
7696
7695
7695
7692
7692
7692
7691
7689
7688
7688
7687
7684
7684
7684
7683
7682
7681
7681
7681
7680
7679
7679
7677
7677
7676
7676
7676
7675
7675
7673
7673
7668
7668
7667
7666
7666
7665
7664
7663
7662
7660
7660
7659
7659
7659
7657
7655
7655
7654
7651
7651
7651
7649
7648
7646
7646
7645
7645
7644
7643
7643
7641
7640
7638
7638
7637
7636
7635
7635
7634
7632
7630
7629
7626
7625
7625
7622
7619
7612
7610
7609
7609
7609
7607
7605
7601
7599
7598
7598
7596
7596
7596
7594
7593
7591
7587
7587
7584
7583
7583
7581
7580
7580
7578
7575
7574
7573
7572
7571
7571
7570
7570
7569
7569
7568
7568
7567
7565
7564
7563
7562
7562
7559
7558
7558
7556
7555
7555
7555
7555
7554
7554
7554
7553
7553
7553
7552
7551
7551
7549
7548
7546
7544
7544
7540
7533
7531
7531
7529
7529
7527
7526
7524
7523
7519
7519
7519
7519
7517
7516
7516
7515
7515
7515
7515
7515
7515
7514
7514
7512
7512
7512
7510
7510
7509
7508
7506
7506
7505
7504
7502
7502
7498
7494
7493
7492
7490
7490
7489
7486
7485
7483
7481
7480
7480
7480
7476
7475
7473
7472
7469
7468
7467
7465
7460
7460
7458
7458
7457
7457
7456
7455
7455
7454
7454
7454
7453
7453
7451
7450
7449
7449
7448
7446
7445
7445
7445
7444
7443
7442
7441
7440
7440
7440
7439
7438
7438
7437
7435
7430
7430
7430
7429
7429
7428
7427
7426
7426
7426
7425
7425
7425
7421
7420
7419
7418
7418
7418
7417
7417
7414
7413
7413
7412
7408
7408
7407
7406
7405
7405
7402
7400
7400
7398
7396
7396
7392
7392
7385
7385
7384
7382
7381
7378
7378
7377
7375
7374
7374
7374
7373
7373
7372
7370
7369
7368
7368
7368
7365
7364
7361
7360
7360
7358
7357
7357
7356
7355
7351
7350
7349
7347
7345
7343
7343
7340
7340
7340
7339
7338
7337
7334
7333
7332
7332
7332
7331
7331
7330
7330
7330
7329
7329
7327
7326
7326
7325
7323
7321
7320
7319
7318
7317
7317
7317
7315
7315
7313
7312
7312
7312
7311
7310
7308
7306
7306
7302
7301
7300
7299
7298
7297
7296
7296
7295
7294
7293
7292
7285
7285
7285
7283
7279
7277
7277
7276
7275
7275
7273
7273
7272
7272
7271
7271
7267
7266
7266
7265
7265
7263
7262
7262
7262
7262
7262
7261
7261
7259
7257
7257
7256
7256
7255
7254
7254
7252
7252
7249
7248
7245
7243
7241
7238
7238
7236
7236
7235
7235
7233
7233
7232
7230
7229
7226
7224
7223
7221
7217
7217
7216
7216
7213
7212
7212
7211
7210
7210
7208
7208
7207
7206
7203
7203
7202
7202
7201
7200
7198
7198
7198
7197
7197
7197
7196
7195
7194
7191
7190
7187
7186
7185
7185
7184
7184
7183
7181
7179
7179
7178
7178
7177
7176
7175
7173
7171
7169
7169
7167
7167
7167
7162
7158
7158
7158
7157
7156
7156
7155
7155
7154
7154
7153
7152
7150
7150
7150
7149
7148
7148
7146
7145
7144
7141
7141
7140
7140
7140
7139
7136
7134
7134
7131
7130
7130
7129
7128
7126
7126
7126
7125
7124
7124
7124
7122
7122
7120
7120
7119
7118
7118
7117
7116
7116
7116
7114
7114
7114
7113
7112
7112
7111
7111
7107
7105
7105
7104
7103
7100
7100
7096
7095
7093
7091
7090
7089
7089
7087
7083
7083
7082
7081
7078
7077
7075
7072
7071
7070
7069
7069
7069
7068
7067
7067
7064
7063
7062
7062
7062
7060
7060
7060
7060
7059
7058
7055
7055
7055
7053
7053
7052
7052
7052
7051
7051
7051
7050
7050
7050
7048
7047
7046
7045
7040
7039
7037
7036
7036
7035
7035
7034
7034
7033
7033
7033
7032
7030
7029
7028
7028
7027
7025
7025
7024
7022
7018
7018
7017
7015
7015
7014
7013
7011
7011
7010
7010
7008
7007
7001
6999
6998
6997
6997
6996
6996
6994
6994
6991
6990
6988
6988
6987
6987
6986
6986
6984
6984
6984
6983
6981
6979
6977
6977
6976
6976
6974
6973
6971
6971
6970
6970
6968
6966
6966
6965
6965
6965
6964
6961
6960
6959
6958
6957
6957
6956
6955
6953
6952
6951
6949
6948
6945
6944
6944
6944
6943
6941
6939
6938
6938
6938
6937
6937
6935
6934
6933
6932
6929
6929
6928
6928
6927
6927
6926
6926
6926
6925
6925
6922
6921
6920
6917
6916
6916
6914
6913
6912
6912
6911
6907
6906
6904
6900
6899
6898
6896
6896
6896
6894
6894
6894
6892
6892
6892
6891
6890
6889
6889
6888
6884
6882
6879
6876
6875
6874
6874
6873
6872
6871
6869
6867
6867
6865
6863
6862
6861
6861
6860
6859
6857
6855
6855
6855
6854
6852
6847
6846
6845
6844
6838
6836
6836
6836
6835
6835
6828
6827
6825
6824
6822
6822
6819
6819
6819
6817
6814
6814
6811
6810
6810
6810
6810
6810
6809
6806
6806
6803
6803
6803
6803
6801
6801
6801
6797
6797
6797
6797
6797
6795
6792
6791
6791
6791
6790
6789
6789
6788
6787
6787
6786
6786
6785
6785
6783
6783
6783
6781
6779
6778
6777
6775
6775
6774
6774
6773
6772
6770
6770
6768
6768
6767
6766
6766
6765
6764
6758
6758
6758
6757
6757
6756
6755
6754
6754
6751
6750
6750
6750
6749
6746
6745
6744
6743
6741
6740
6737
6737
6735
6735
6734
6734
6733
6732
6732
6731
6731
6730
6729
6725
6724
6723
6723
6722
6719
6717
6716
6716
6716
6714
6714
6713
6713
6712
6711
6710
6710
6710
6709
6707
6706
6705
6705
6703
6702
6701
6700
6699
6698
6697
6694
6693
6693
6692
6692
6691
6690
6690
6688
6687
6686
6685
6685
6684
6683
6682
6682
6682
6679
6679
6678
6677
6677
6677
6675
6674
6674
6674
6674
6673
6671
6671
6670
6669
6669
6667
6665
6663
6663
6662
6661
6659
6659
6654
6654
6653
6652
6651
6649
6649
6649
6649
6648
6646
6646
6646
6643
6643
6641
6641
6640
6639
6637
6637
6636
6635
6634
6634
6633
6633
6633
6628
6628
6627
6626
6626
6625
6622
6621
6621
6617
6617
6614
6613
6612
6610
6609
6608
6608
6606
6605
6603
6601
6600
6600
6600
6598
6598
6597
6596
6596
6595
6595
6594
6592
6591
6591
6590
6587
6585
6584
6583
6583
6583
6582
6578
6576
6573
6572
6572
6572
6571
6571
6568
6564
6564
6564
6563
6563
6562
6562
6561
6561
6560
6559
6559
6558
6557
6557
6555
6554
6554
6553
6553
6551
6551
6549
6549
6548
6546
6546
6546
6545
6543
6542
6541
6540
6538
6537
6535
6534
6534
6534
6533
6532
6531
6530
6530
6529
6529
6528
6528
6526
6525
6525
6524
6524
6523
6522
6522
6521
6521
6520
6520
6519
6517
6517
6515
6514
6513
6512
6512
6512
6510
6509
6505
6504
6504
6504
6503
6502
6502
6502
6502
6502
6500
6499
6498
6495
6494
6494
6493
6492
6489
6488
6488
6487
6487
6486
6485
6483
6482
6480
6479
6478
6473
6473
6473
6472
6472
6470
6469
6468
6467
6467
6467
6466
6464
6463
6463
6462
6461
6460
6459
6459
6453
6452
6449
6449
6447
6447
6447
6444
6443
6443
6442
6442
6440
6439
6438
6436
6436
6434
6430
6430
6427
6427
6426
6426
6426
6423
6423
6422
6421
6421
6421
6416
6415
6414
6413
6412
6412
6410
6410
6406
6404
6403
6399
6398
6395
6393
6393
6390
6387
6387
6387
6386
6385
6384
6384
6383
6380
6380
6378
6377
6377
6376
6376
6376
6375
6375
6371
6367
6367
6366
6365
6365
6365
6365
6363
6360
6360
6357
6355
6354
6354
6354
6353
6352
6351
6350
6349
6349
6349
6348
6347
6345
6343
6343
6341
6339
6338
6333
6333
6330
6325
6324
6321
6321
6321
6320
6318
6317
6317
6315
6315
6313
6312
6311
6308
6308
6306
6305
6305
6304
6304
6303
6302
6302
6301
6301
6301
6301
6300
6299
6292
6289
6288
6285
6283
6283
6282
6281
6278
6274
6274
6271
6271
6269
6268
6268
6266
6266
6265
6265
6265
6263
6263
6257
6255
6255
6249
6249
6248
6248
6248
6246
6246
6241
6239
6237
6237
6237
6236
6235
6233
6232
6231
6231
6231
6230
6229
6228
6227
6226
6226
6225
6224
6222
6222
6221
6219
6216
6213
6213
6213
6213
6210
6208
6207
6206
6205
6204
6203
6201
6201
6198
6198
6198
6198
6198
6197
6197
6197
6196
6196
6194
6194
6194
6191
6189
6183
6182
6182
6182
6182
6181
6178
6175
6173
6173
6171
6171
6170
6170
6169
6169
6168
6167
6167
6167
6166
6164
6162
6161
6161
6161
6160
6160
6160
6160
6159
6157
6154
6154
6153
6151
6150
6149
6149
6148
6148
6148
6146
6144
6144
6144
6143
6143
6143
6142
6142
6141
6141
6139
6138
6138
6138
6137
6137
6136
6136
6134
6132
6131
6131
6129
6128
6126
6123
6123
6122
6122
6122
6121
6121
6121
6119
6119
6117
6116
6116
6115
6114
6113
6113
6112
6110
6109
6102
6101
6100
6099
6098
6097
6097
6096
6096
6095
6095
6094
6093
6093
6091
6089
6089
6089
6087
6087
6087
6086
6086
6085
6084
6084
6083
6081
6081
6080
6077
6076
6073
6072
6072
6071
6070
6069
6066
6062
6060
6059
6058
6057
6056
6053
6052
6052
6052
6051
6050
6047
6047
6045
6044
6038
6036
6036
6034
6033
6032
6032
6031
6030
6029
6026
6025
6025
6025
6024
6023
6023
6022
6022
6021
6020
6017
6016
6015
6015
6014
6014
6013
6013
6008
6006
6005
6004
6004
6004
6004
6001
6000
6000
6000
5999
5999
5998
5996
5995
5995
5994
5992
5990
5990
5990
5989
5989
5989
5988
5987
5984
5984
5983
5983
5983
5983
5981
5980
5977
5977
5976
5975
5974
5974
5974
5974
5973
5972
5970
5967
5965
5965
5964
5964
5963
5963
5963
5962
5961
5960
5960
5958
5958
5956
5955
5948
5948
5946
5944
5944
5942
5940
5940
5940
5939
5939
5938
5937
5936
5935
5934
5933
5932
5932
5932
5931
5931
5930
5930
5928
5928
5925
5924
5924
5923
5922
5922
5921
5919
5919
5918
5918
5918
5917
5917
5917
5914
5914
5914
5913
5911
5909
5905
5904
5901
5901
5900
5898
5896
5896
5896
5894
5894
5892
5892
5891
5888
5888
5888
5887
5885
5884
5884
5883
5882
5882
5881
5880
5878
5873
5870
5869
5869
5868
5868
5863
5863
5863
5862
5862
5859
5858
5857
5856
5855
5855
5853
5853
5851
5851
5849
5849
5847
5845
5842
5842
5841
5839
5838
5838
5835
5834
5833
5832
5831
5830
5828
5827
5826
5825
5825
5823
5823
5821
5821
5820
5819
5818
5818
5817
5816
5815
5813
5812
5812
5811
5810
5807
5807
5805
5805
5804
5796
5796
5796
5796
5795
5795
5792
5792
5790
5789
5787
5786
5786
5785
5785
5784
5782
5781
5778
5777
5777
5776
5776
5775
5775
5774
5774
5773
5773
5773
5771
5771
5771
5770
5768
5764
5763
5763
5757
5754
5754
5753
5753
5752
5752
5751
5751
5750
5750
5749
5746
5746
5745
5743
5741
5739
5738
5736
5735
5734
5733
5732
5732
5731
5728
5725
5725
5723
5720
5718
5715
5711
5709
5708
5707
5707
5706
5705
5704
5704
5704
5703
5702
5701
5699
5698
5698
5696
5696
5694
5694
5689
5688
5688
5687
5687
5687
5686
5685
5684
5683
5683
5682
5682
5680
5677
5676
5675
5674
5673
5672
5671
5670
5670
5669
5669
5668
5668
5666
5666
5666
5665
5665
5664
5664
5663
5663
5662
5660
5657
5657
5657
5656
5654
5654
5652
5650
5647
5646
5641
5640
5640
5639
5639
5639
5639
5633
5633
5633
5630
5630
5629
5628
5628
5627
5626
5626
5622
5621
5617
5616
5615
5615
5613
5613
5612
5612
5610
5609
5606
5606
5605
5604
5601
5600
5600
5598
5598
5597
5597
5597
5595
5594
5594
5594
5594
5593
5593
5592
5591
5589
5589
5589
5588
5586
5586
5586
5585
5584
5583
5583
5581
5580
5579
5579
5578
5577
5575
5574
5573
5571
5568
5563
5561
5560
5560
5560
5555
5555
5554
5550
5549
5548
5548
5547
5546
5546
5546
5546
5546
5546
5542
5541
5538
5537
5536
5533
5532
5532
5531
5528
5526
5525
5525
5524
5524
5523
5522
5522
5522
5521
5521
5520
5520
5518
5517
5515
5514
5512
5511
5511
5510
5509
5509
5508
5508
5507
5506
5506
5504
5504
5504
5503
5503
5501
5501
5501
5500
5497
5497
5495
5495
5494
5489
5488
5487
5484
5483
5482
5481
5479
5479
5476
5475
5475
5474
5473
5471
5470
5470
5469
5466
5465
5464
5463
5463
5463
5462
5462
5460
5459
5459
5458
5457
5456
5455
5455
5452
5452
5452
5450
5449
5444
5442
5440
5439
5438
5436
5434
5433
5430
5429
5428
5428
5422
5419
5419
5419
5419
5417
5416
5415
5415
5413
5413
5413
5412
5412
5411
5411
5408
5408
5407
5407
5406
5403
5401
5400
5399
5399
5398
5398
5397
5397
5396
5395
5393
5392
5390
5390
5389
5388
5387
5386
5386
5383
5381
5381
5380
5380
5378
5378
5377
5377
5376
5374
5374
5373
5372
5370
5369
5369
5368
5366
5363
5362
5358
5358
5355
5354
5353
5350
5350
5349
5347
5347
5345
5345
5345
5344
5343
5343
5340
5340
5338
5337
5336
5335
5335
5334
5334
5334
5334
5333
5333
5333
5331
5331
5331
5328
5326
5324
5323
5323
5320
5320
5319
5318
5315
5315
5314
5313
5313
5313
5310
5308
5308
5307
5305
5303
5300
5299
5299
5298
5296
5293
5292
5291
5290
5290
5289
5288
5286
5285
5283
5282
5282
5280
5279
5279
5275
5275
5274
5273
5273
5272
5272
5271
5271
5270
5269
5268
5266
5263
5263
5262
5262
5262
5261
5260
5260
5258
5257
5256
5254
5254
5253
5249
5247
5247
5246
5245
5244
5244
5244
5243
5243
5242
5242
5242
5241
5241
5239
5237
5236
5235
5232
5231
5231
5230
5229
5228
5228
5228
5227
5227
5226
5224
5224
5222
5221
5220
5219
5217
5217
5216
5216
5215
5214
5214
5214
5213
5211
5207
5203
5201
5197
5193
5192
5191
5191
5188
5187
5186
5186
5185
5184
5182
5174
5172
5171
5171
5168
5168
5167
5167
5166
5166
5164
5163
5160
5159
5159
5158
5158
5156
5156
5155
5155
5154
5153
5152
5151
5151
5146
5145
5144
5139
5138
5138
5134
5133
5133
5131
5131
5131
5130
5129
5128
5125
5124
5124
5124
5123
5123
5122
5122
5121
5119
5119
5118
5115
5115
5114
5114
5114
5112
5108
5107
5106
5106
5106
5105
5102
5101
5100
5100
5097
5094
5091
5090
5087
5086
5085
5080
5079
5078
5077
5075
5073
5072
5069
5069
5068
5068
5068
5067
5066
5064
5063
5063
5061
5061
5061
5059
5059
5058
5058
5057
5056
5052
5052
5051
5050
5049
5047
5047
5046
5045
5044
5043
5041
5038
5038
5037
5036
5036
5033
5033
5032
5031
5028
5027
5025
5025
5024
5024
5024
5023
5020
5019
5019
5019
5018
5017
5017
5017
5015
5011
5011
5010
5007
5006
5004
5004
5004
5004
5004
5003
5003
5003
5002
5000
4999
4998
4996
4995
4994
4992
4992
4991
4991
4989
4989
4989
4989
4988
4988
4987
4986
4986
4986
4986
4985
4983
4983
4983
4982
4982
4980
4976
4975
4975
4974
4974
4973
4972
4972
4971
4970
4970
4968
4966
4965
4964
4963
4962
4961
4960
4960
4953
4953
4952
4951
4950
4949
4943
4942
4939
4935
4934
4933
4932
4932
4931
4931
4927
4927
4927
4927
4927
4927
4925
4925
4925
4920
4919
4917
4917
4916
4914
4913
4913
4912
4911
4910
4909
4908
4905
4905
4904
4903
4901
4901
4900
4900
4897
4897
4897
4895
4895
4894
4893
4891
4891
4890
4890
4890
4889
4888
4888
4887
4886
4885
4884
4884
4884
4883
4881
4881
4881
4881
4880
4880
4880
4880
4880
4878
4876
4876
4875
4874
4872
4871
4869
4868
4867
4867
4865
4865
4865
4864
4863
4862
4860
4859
4857
4856
4855
4855
4853
4853
4852
4851
4851
4849
4848
4845
4845
4844
4841
4840
4839
4839
4839
4837
4835
4834
4832
4829
4829
4829
4829
4828
4826
4825
4825
4824
4822
4821
4820
4819
4818
4818
4817
4816
4812
4812
4808
4807
4803
4803
4803
4802
4802
4801
4797
4796
4795
4794
4794
4791
4791
4790
4788
4788
4788
4788
4787
4786
4783
4783
4783
4782
4781
4779
4778
4778
4777
4775
4774
4774
4772
4771
4770
4768
4767
4765
4763
4763
4763
4761
4761
4760
4760
4756
4756
4756
4755
4755
4755
4754
4752
4752
4752
4749
4744
4743
4742
4740
4737
4736
4733
4731
4731
4731
4729
4729
4729
4726
4726
4724
4724
4724
4723
4721
4721
4721
4717
4717
4713
4712
4710
4708
4707
4707
4702
4702
4700
4700
4699
4698
4697
4697
4691
4691
4690
4689
4684
4683
4683
4681
4680
4678
4678
4678
4676
4675
4674
4673
4671
4669
4668
4667
4666
4666
4665
4664
4663
4663
4663
4662
4662
4661
4659
4658
4656
4651
4649
4648
4647
4647
4645
4644
4643
4642
4640
4636
4629
4618
4618
4617
4616
4616
4615
4615
4610
4610
4609
4608
4607
4607
4604
4604
4603
4603
4603
4603
4602
4598
4598
4597
4597
4597
4597
4595
4592
4591
4589
4587
4587
4586
4585
4585
4583
4583
4582
4580
4574
4573
4572
4571
4571
4569
4569
4566
4565
4564
4563
4562
4561
4557
4556
4555
4555
4553
4548
4548
4545
4545
4545
4544
4544
4539
4539
4535
4535
4533
4531
4529
4527
4527
4525
4525
4525
4524
4518
4517
4517
4516
4516
4516
4516
4513
4513
4511
4510
4509
4509
4507
4505
4503
4503
4502
4499
4498
4498
4497
4493
4493
4493
4492
4491
4490
4489
4487
4486
4485
4483
4481
4480
4480
4479
4477
4477
4476
4474
4473
4473
4473
4472
4471
4471
4470
4469
4469
4469
4466
4464
4464
4463
4461
4461
4461
4460
4459
4454
4452
4451
4451
4451
4449
4447
4446
4445
4445
4445
4445
4441
4441
4439
4437
4436
4431
4430
4426
4426
4424
4424
4424
4422
4422
4420
4420
4418
4416
4416
4416
4415
4414
4413
4412
4411
4411
4410
4410
4409
4408
4408
4407
4407
4405
4403
4401
4400
4400
4399
4396
4395
4394
4394
4393
4393
4392
4391
4391
4389
4388
4386
4382
4378
4378
4377
4377
4376
4375
4373
4372
4371
4371
4369
4369
4369
4368
4366
4365
4364
4364
4363
4361
4360
4360
4358
4357
4356
4355
4354
4351
4350
4348
4347
4345
4345
4344
4344
4342
4342
4342
4341
4340
4339
4338
4337
4336
4334
4332
4332
4331
4329
4328
4328
4326
4326
4325
4324
4323
4321
4320
4319
4318
4317
4317
4317
4316
4315
4315
4314
4313
4313
4313
4312
4311
4310
4307
4307
4303
4302
4301
4300
4299
4297
4297
4295
4293
4290
4288
4287
4287
4287
4284
4284
4283
4283
4281
4281
4280
4278
4277
4275
4274
4273
4273
4272
4268
4267
4267
4266
4266
4265
4265
4262
4259
4259
4258
4256
4253
4253
4251
4251
4251
4251
4250
4250
4250
4249
4247
4247
4247
4247
4246
4246
4244
4239
4238
4236
4236
4236
4235
4235
4234
4233
4233
4232
4232
4231
4231
4230
4228
4228
4228
4228
4228
4226
4226
4225
4224
4221
4221
4221
4220
4220
4219
4219
4218
4218
4218
4215
4214
4214
4214
4213
4204
4204
4203
4200
4199
4199
4197
4195
4194
4193
4193
4192
4187
4187
4185
4184
4182
4181
4180
4180
4177
4175
4173
4173
4173
4172
4166
4164
4164
4161
4161
4160
4160
4159
4159
4159
4157
4157
4157
4155
4154
4153
4152
4150
4150
4148
4146
4146
4145
4145
4144
4144
4142
4140
4138
4138
4138
4137
4136
4136
4136
4135
4134
4133
4131
4130
4130
4130
4129
4128
4126
4126
4126
4126
4126
4124
4123
4120
4120
4120
4116
4109
4108
4108
4105
4103
4103
4102
4101
4101
4101
4100
4098
4098
4098
4097
4097
4096
4095
4095
4093
4093
4092
4092
4092
4089
4089
4087
4087
4086
4085
4084
4084
4083
4082
4081
4081
4079
4078
4077
4076
4076
4075
4073
4070
4067
4065
4062
4061
4060
4060
4060
4058
4056
4056
4055
4055
4055
4055
4054
4053
4051
4051
4049
4048
4043
4042
4041
4038
4037
4037
4036
4036
4036
4034
4034
4034
4032
4032
4030
4029
4029
4029
4028
4027
4026
4026
4025
4024
4021
4020
4017
4016
4015
4015
4014
4014
4011
4010
4010
4010
4009
4009
4008
4008
4006
4005
4004
4003
4001
4001
3999
3999
3999
3997
3997
3993
3990
3989
3987
3987
3984
3983
3982
3977
3974
3974
3974
3973
3972
3971
3971
3971
3969
3966
3966
3965
3965
3964
3964
3964
3963
3963
3962
3962
3962
3961
3961
3961
3961
3961
3960
3960
3960
3959
3959
3955
3955
3953
3951
3950
3950
3950
3949
3949
3947
3946
3944
3944
3943
3940
3939
3937
3936
3934
3933
3933
3933
3933
3932
3931
3931
3930
3928
3924
3924
3923
3923
3922
3919
3918
3918
3917
3917
3917
3915
3915
3914
3914
3910
3909
3903
3903
3902
3902
3901
3901
3900
3899
3898
3898
3897
3896
3896
3896
3896
3895
3892
3890
3890
3890
3889
3887
3886
3882
3882
3882
3880
3880
3878
3878
3875
3875
3875
3874
3874
3873
3873
3873
3871
3867
3865
3864
3863
3863
3862
3859
3856
3856
3854
3854
3851
3848
3847
3846
3845
3845
3842
3837
3836
3836
3836
3836
3836
3835
3835
3833
3833
3832
3832
3832
3828
3827
3826
3824
3824
3823
3823
3822
3822
3821
3821
3821
3820
3820
3819
3819
3819
3817
3817
3815
3815
3813
3813
3810
3810
3807
3805
3802
3801
3800
3799
3797
3795
3793
3791
3791
3789
3787
3785
3782
3782
3781
3780
3779
3779
3778
3776
3775
3773
3773
3773
3771
3770
3767
3766
3766
3766
3764
3761
3761
3760
3759
3759
3756
3756
3755
3751
3751
3749
3748
3748
3747
3747
3747
3747
3745
3745
3745
3742
3741
3741
3740
3739
3738
3738
3738
3736
3735
3735
3733
3731
3731
3730
3730
3729
3728
3727
3724
3724
3721
3720
3718
3716
3715
3714
3712
3712
3711
3710
3710
3709
3708
3706
3704
3704
3703
3701
3700
3700
3699
3698
3697
3696
3696
3696
3696
3696
3693
3692
3691
3690
3690
3690
3689
3688
3688
3686
3684
3684
3683
3683
3682
3681
3681
3680
3675
3674
3673
3673
3672
3672
3671
3669
3669
3665
3664
3662
3661
3660
3660
3659
3659
3656
3655
3654
3653
3652
3651
3650
3647
3645
3644
3640
3638
3638
3637
3636
3633
3633
3629
3628
3628
3626
3626
3626
3625
3625
3623
3622
3622
3622
3621
3621
3620
3620
3620
3619
3619
3619
3619
3618
3617
3616
3616
3616
3616
3615
3615
3615
3615
3614
3612
3611
3611
3608
3607
3606
3606
3605
3604
3604
3604
3603
3602
3600
3598
3595
3593
3592
3592
3592
3591
3590
3588
3588
3587
3584
3582
3582
3582
3581
3579
3578
3576
3576
3575
3575
3573
3573
3572
3572
3571
3570
3569
3567
3567
3563
3560
3558
3558
3558
3557
3557
3555
3552
3551
3550
3549
3549
3549
3548
3547
3546
3544
3544
3543
3540
3538
3538
3537
3534
3532
3531
3531
3530
3530
3530
3528
3527
3527
3525
3525
3525
3525
3524
3523
3522
3521
3521
3517
3516
3516
3514
3510
3506
3504
3504
3503
3502
3500
3499
3498
3497
3495
3495
3494
3494
3491
3491
3488
3488
3487
3485
3485
3483
3480
3478
3477
3477
3476
3476
3474
3472
3472
3472
3471
3470
3470
3469
3467
3467
3465
3461
3461
3461
3459
3458
3458
3457
3454
3452
3452
3452
3451
3451
3449
3449
3448
3447
3447
3447
3446
3445
3444
3444
3441
3441
3440
3440
3438
3433
3433
3432
3431
3430
3428
3427
3424
3423
3421
3420
3419
3419
3417
3417
3417
3415
3413
3412
3408
3407
3405
3403
3402
3402
3401
3399
3393
3392
3391
3391
3387
3387
3386
3386
3386
3385
3383
3383
3381
3380
3377
3377
3375
3372
3372
3369
3369
3368
3367
3367
3359
3358
3358
3357
3356
3355
3355
3354
3353
3353
3352
3350
3350
3349
3347
3346
3344
3344
3342
3342
3340
3340
3340
3340
3340
3336
3336
3334
3333
3330
3330
3330
3328
3326
3325
3325
3320
3320
3320
3320
3319
3317
3317
3316
3316
3315
3312
3312
3311
3311
3311
3309
3308
3307
3307
3307
3305
3305
3304
3303
3300
3298
3298
3297
3297
3296
3296
3295
3294
3294
3293
3293
3293
3293
3292
3292
3292
3291
3291
3290
3289
3289
3288
3288
3287
3284
3283
3282
3281
3281
3280
3277
3277
3272
3272
3271
3269
3267
3266
3265
3265
3264
3262
3262
3262
3260
3257
3252
3250
3250
3248
3246
3245
3244
3243
3242
3241
3240
3240
3239
3239
3238
3237
3236
3236
3234
3231
3231
3231
3230
3230
3228
3223
3223
3222
3221
3221
3220
3219
3218
3217
3214
3212
3212
3212
3211
3210
3210
3210
3209
3208
3204
3203
3203
3201
3201
3201
3200
3199
3198
3198
3197
3195
3195
3194
3194
3194
3190
3189
3189
3189
3188
3188
3186
3184
3183
3183
3183
3181
3181
3181
3181
3180
3179
3176
3175
3172
3172
3171
3170
3169
3168
3168
3166
3165
3164
3162
3161
3158
3157
3157
3154
3153
3152
3152
3150
3150
3148
3144
3144
3144
3141
3140
3138
3135
3134
3133
3132
3130
3128
3123
3123
3122
3122
3122
3122
3122
3122
3119
3117
3116
3116
3114
3113
3113
3112
3111
3109
3108
3106
3105
3104
3104
3103
3103
3102
3102
3102
3102
3101
3101
3100
3098
3097
3097
3096
3096
3096
3095
3094
3092
3092
3092
3091
3089
3089
3089
3088
3088
3086
3083
3083
3078
3078
3075
3075
3074
3073
3073
3071
3071
3070
3070
3070
3070
3069
3068
3067
3065
3064
3064
3062
3062
3062
3057
3056
3055
3053
3051
3050
3049
3047
3047
3045
3045
3045
3044
3044
3043
3042
3041
3040
3040
3038
3037
3036
3035
3035
3033
3029
3027
3026
3025
3025
3024
3022
3022
3021
3021
3018
3017
3016
3016
3015
3015
3011
3011
3010
3010
3009
3008
3004
3003
3002
3000
3000
3000
2997
2995
2994
2993
2993
2993
2992
2991
2990
2990
2989
2988
2987
2985
2984
2984
2983
2983
2982
2980
2980
2980
2979
2978
2977
2977
2973
2969
2969
2968
2967
2966
2963
2963
2962
2958
2957
2956
2956
2954
2954
2953
2953
2952
2952
2951
2950
2950
2949
2948
2946
2946
2943
2941
2941
2941
2939
2939
2938
2938
2937
2936
2936
2935
2934
2934
2934
2934
2934
2934
2932
2931
2931
2930
2930
2929
2928
2928
2926
2925
2924
2923
2922
2922
2922
2921
2919
2918
2917
2915
2915
2912
2911
2909
2908
2907
2906
2906
2904
2902
2902
2900
2898
2896
2895
2893
2890
2889
2889
2887
2886
2885
2885
2885
2884
2884
2881
2880
2879
2877
2874
2874
2873
2872
2868
2867
2863
2863
2861
2859
2857
2855
2855
2855
2854
2854
2852
2851
2850
2850
2850
2849
2847
2845
2845
2845
2845
2845
2843
2841
2840
2840
2837
2837
2835
2835
2835
2833
2829
2827
2827
2827
2827
2827
2825
2822
2822
2822
2819
2818
2818
2816
2816
2813
2811
2811
2810
2810
2809
2808
2807
2806
2806
2806
2806
2805
2805
2804
2804
2804
2804
2801
2800
2799
2799
2799
2797
2796
2792
2791
2791
2789
2787
2785
2785
2785
2782
2779
2778
2777
2776
2776
2776
2776
2775
2775
2775
2775
2774
2773
2772
2771
2771
2770
2769
2769
2769
2769
2769
2768
2767
2766
2766
2765
2764
2764
2762
2762
2762
2761
2761
2761
2760
2758
2758
2758
2757
2755
2754
2754
2754
2754
2753
2752
2752
2752
2751
2751
2751
2750
2749
2749
2749
2748
2748
2747
2746
2743
2742
2741
2740
2739
2739
2738
2738
2736
2736
2735
2735
2735
2733
2732
2732
2730
2729
2729
2728
2726
2724
2722
2722
2721
2720
2720
2718
2718
2716
2716
2716
2715
2713
2713
2712
2711
2711
2711
2710
2710
2710
2709
2708
2708
2707
2706
2705
2702
2701
2701
2701
2700
2699
2698
2698
2697
2697
2695
2694
2694
2693
2693
2693
2693
2692
2691
2687
2686
2686
2686
2684
2684
2682
2681
2680
2679
2679
2678
2677
2677
2675
2675
2675
2674
2672
2672
2670
2669
2669
2669
2669
2668
2668
2666
2666
2665
2665
2664
2664
2662
2659
2659
2659
2659
2657
2657
2656
2656
2656
2653
2652
2651
2650
2648
2647
2647
2646
2643
2643
2643
2641
2641
2641
2640
2639
2639
2638
2637
2637
2637
2636
2636
2636
2636
2635
2632
2631
2630
2630
2629
2628
2628
2628
2627
2626
2624
2624
2623
2622
2621
2621
2621
2617
2616
2616
2616
2614
2613
2613
2613
2612
2612
2611
2610
2608
2607
2606
2606
2605
2605
2603
2602
2601
2601
2601
2601
2600
2599
2598
2597
2597
2595
2594
2592
2592
2592
2592
2592
2591
2589
2589
2587
2587
2587
2586
2586
2586
2586
2585
2584
2584
2582
2581
2581
2581
2580
2580
2579
2579
2576
2576
2575
2574
2572
2571
2571
2570
2569
2568
2568
2568
2565
2565
2565
2564
2564
2562
2562
2562
2561
2561
2558
2557
2557
2557
2557
2556
2555
2555
2553
2552
2552
2552
2551
2551
2549
2548
2548
2548
2547
2547
2547
2546
2546
2545
2544
2544
2543
2542
2541
2541
2537
2536
2534
2533
2532
2532
2531
2531
2529
2529
2528
2527
2527
2526
2526
2526
2524
2522
2521
2520
2518
2517
2516
2516
2515
2515
2513
2511
2510
2508
2508
2507
2507
2507
2506
2506
2505
2502
2502
2501
2501
2500
2499
2499
2497
2497
2497
2496
2496
2495
2494
2493
2493
2492
2492
2491
2491
2490
2490
2488
2487
2487
2484
2481
2481
2481
2481
2479
2478
2478
2478
2478
2477
2477
2476
2475
2473
2473
2472
2470
2469
2469
2468
2465
2465
2464
2464
2462
2462
2461
2460
2459
2459
2458
2457
2457
2457
2456
2455
2454
2454
2454
2452
2451
2450
2449
2447
2445
2442
2442
2441
2440
2440
2440
2440
2439
2438
2438
2437
2437
2436
2436
2434
2434
2433
2432
2432
2432
2432
2432
2431
2431
2428
2427
2426
2425
2424
2423
2421
2420
2419
2419
2417
2417
2416
2416
2415
2414
2413
2412
2410
2410
2409
2408
2407
2407
2407
2405
2404
2403
2402
2402
2401
2400
2399
2399
2399
2399
2398
2398
2398
2397
2396
2396
2396
2395
2393
2393
2392
2391
2391
2390
2390
2388
2388
2386
2385
2385
2385
2384
2383
2383
2382
2381
2380
2380
2380
2380
2379
2377
2374
2374
2374
2374
2374
2374
2373
2371
2369
2369
2369
2368
2367
2367
2365
2365
2365
2365
2363
2363
2363
2362
2362
2362
2360
2360
2359
2359
2359
2358
2357
2357
2356
2355
2355
2354
2354
2351
2351
2351
2350
2349
2348
2341
2341
2340
2340
2339
2339
2339
2339
2338
2337
2334
2333
2332
2331
2331
2329
2327
2326
2326
2325
2324
2324
2322
2322
2321
2321
2320
2320
2319
2317
2316
2314
2312
2311
2308
2308
2308
2306
2304
2303
2302
2302
2302
2302
2302
2302
2300
2299
2298
2298
2297
2297
2296
2296
2296
2295
2295
2294
2293
2293
2292
2292
2291
2291
2290
2289
2289
2289
2286
2285
2285
2285
2283
2283
2282
2281
2279
2279
2279
2275
2275
2274
2274
2274
2274
2273
2273
2272
2272
2272
2267
2266
2266
2265
2265
2265
2264
2264
2263
2263
2262
2261
2261
2260
2258
2258
2257
2256
2256
2256
2256
2255
2252
2252
2250
2250
2249
2247
2246
2245
2244
2243
2243
2242
2240
2240
2237
2237
2237
2237
2236
2236
2236
2236
2235
2235
2234
2234
2233
2232
2232
2232
2232
2232
2232
2231
2231
2231
2231
2229
2226
2226
2225
2225
2224
2224
2224
2223
2223
2221
2220
2220
2220
2217
2216
2216
2215
2215
2214
2214
2214
2214
2213
2212
2211
2211
2211
2211
2211
2210
2208
2208
2207
2206
2206
2204
2203
2201
2201
2201
2201
2201
2200
2200
2198
2196
2196
2196
2194
2194
2194
2194
2193
2192
2190
2188
2187
2187
2186
2185
2184
2181
2181
2180
2178
2178
2176
2176
2174
2173
2173
2173
2173
2172
2172
2171
2170
2169
2169
2168
2168
2168
2167
2167
2167
2166
2165
2165
2163
2163
2162
2162
2160
2160
2158
2158
2157
2157
2156
2154
2154
2152
2150
2150
2150
2149
2147
2147
2146
2146
2145
2144
2144
2142
2142
2140
2140
2140
2140
2140
2138
2135
2135
2134
2133
2133
2133
2132
2132
2132
2132
2132
2132
2130
2129
2126
2125
2125
2125
2124
2124
2123
2123
2122
2122
2122
2122
2118
2118
2117
2115
2113
2113
2113
2112
2112
2111
2111
2110
2110
2110
2110
2109
2108
2107
2107
2107
2106
2106
2106
2104
2104
2101
2100
2098
2095
2094
2094
2093
2091
2091
2091
2090
2088
2088
2085
2084
2083
2083
2083
2083
2082
2081
2081
2081
2080
2080
2080
2080
2079
2078
2078
2077
2077
2075
2075
2075
2075
2073
2072
2072
2071
2070
2069
2068
2068
2067
2067
2066
2065
2063
2062
2059
2059
2058
2058
2058
2057
2056
2055
2053
2053
2052
2051
2051
2049
2048
2048
2047
2047
2046
2045
2045
2045
2043
2043
2042
2040
2039
2036
2036
2036
2034
2033
2033
2033
2030
2030
2030
2028
2028
2026
2025
2024
2023
2023
2022
2022
2022
2022
2021
2021
2020
2019
2019
2019
2018
2017
2016
2016
2016
2016
2015
2015
2015
2014
2014
2014
2014
2014
2012
2011
2011
2009
2008
2008
2008
2007
2006
2005
2004
2004
2004
2003
2002
2002
2001
2000
2000
1995
1994
1994
1994
1993
1991
1991
1990
1990
1989
1989
1989
1989
1986
1985
1984
1984
1984
1983
1983
1980
1977
1974
1973
1973
1971
1970
1970
1969
1968
1968
1968
1967
1966
1966
1965
1965
1965
1964
1963
1962
1962
1962
1962
1962
1961
1959
1958
1957
1957
1957
1956
1955
1955
1954
1953
1952
1952
1951
1951
1949
1949
1946
1946
1946
1945
1945
1944
1944
1943
1943
1943
1943
1942
1942
1940
1939
1936
1936
1936
1934
1934
1933
1933
1932
1930
1929
1929
1928
1928
1928
1927
1926
1925
1925
1925
1923
1923
1923
1921
1919
1918
1918
1918
1916
1915
1915
1914
1911
1910
1909
1906
1905
1905
1903
1903
1902
1902
1902
1902
1902
1901
1900
1900
1899
1899
1898
1898
1897
1897
1897
1897
1897
1897
1897
1897
1896
1896
1895
1892
1892
1890
1889
1888
1888
1888
1887
1887
1887
1886
1886
1885
1882
1880
1879
1879
1879
1878
1878
1878
1878
1877
1877
1876
1876
1875
1875
1873
1872
1871
1871
1871
1870
1870
1869
1869
1868
1867
1867
1866
1866
1866
1866
1865
1865
1865
1864
1863
1863
1862
1862
1862
1862
1862
1861
1861
1861
1861
1860
1859
1859
1859
1859
1858
1858
1858
1858
1857
1856
1855
1855
1854
1854
1853
1852
1851
1850
1850
1849
1849
1848
1848
1848
1848
1848
1848
1847
1846
1845
1845
1842
1842
1842
1841
1839
1838
1837
1835
1835
1835
1834
1833
1832
1831
1831
1830
1830
1830
1830
1829
1829
1829
1828
1828
1827
1827
1827
1827
1827
1826
1826
1826
1825
1825
1825
1824
1824
1823
1823
1823
1823
1821
1818
1818
1818
1817
1817
1817
1816
1816
1815
1815
1814
1813
1812
1810
1810
1809
1809
1808
1808
1807
1806
1806
1806
1805
1805
1804
1804
1803
1802
1802
1800
1800
1798
1797
1797
1796
1795
1795
1795
1794
1793
1793
1792
1792
1788
1788
1787
1787
1786
1786
1785
1784
1782
1781
1781
1781
1779
1779
1779
1778
1777
1775
1775
1775
1775
1774
1773
1773
1772
1771
1771
1771
1771
1771
1770
1769
1768
1768
1765
1765
1765
1764
1764
1764
1764
1763
1763
1762
1762
1762
1761
1761
1759
1759
1759
1758
1758
1758
1758
1758
1758
1758
1757
1757
1757
1755
1755
1755
1755
1754
1754
1754
1753
1753
1752
1749
1749
1748
1748
1748
1748
1747
1745
1745
1744
1744
1743
1741
1741
1740
1740
1739
1739
1739
1738
1737
1737
1737
1737
1736
1734
1734
1734
1730
1730
1730
1729
1729
1729
1729
1727
1726
1726
1726
1725
1724
1723
1722
1722
1721
1721
1721
1721
1721
1720
1720
1720
1719
1718
1717
1717
1716
1713
1713
1712
1712
1711
1710
1710
1710
1709
1708
1707
1707
1706
1704
1704
1704
1704
1703
1703
1702
1700
1699
1699
1698
1698
1697
1697
1696
1696
1696
1695
1695
1694
1693
1693
1693
1692
1691
1691
1691
1691
1690
1690
1689
1689
1688
1687
1686
1686
1686
1686
1685
1685
1685
1684
1684
1683
1683
1682
1682
1682
1681
1680
1679
1679
1678
1678
1677
1677
1676
1676
1676
1676
1676
1675
1675
1674
1674
1674
1674
1674
1673
1673
1673
1672
1672
1672
1671
1671
1670
1669
1669
1669
1669
1668
1668
1667
1667
1667
1667
1666
1665
1664
1664
1663
1663
1663
1663
1662
1661
1661
1660
1660
1660
1660
1659
1659
1658
1657
1657
1657
1657
1656
1656
1656
1655
1654
1653
1653
1651
1651
1651
1650
1649
1649
1648
1648
1647
1647
1647
1646
1646
1646
1646
1645
1644
1643
1643
1643
1642
1642
1642
1642
1642
1641
1641
1641
1640
1640
1639
1639
1638
1637
1637
1637
1637
1636
1636
1636
1636
1636
1636
1635
1634
1634
1633
1632
1632
1632
1632
1632
1631
1630
1630
1629
1628
1628
1628
1627
1627
1626
1626
1626
1625
1625
1625
1624
1624
1623
1623
1622
1622
1621
1621
1621
1621
1621
1621
1620
1619
1619
1617
1616
1616
1614
1613
1613
1612
1611
1611
1610
1609
1608
1608
1607
1607
1606
1606
1606
1606
1605
1604
1604
1603
1601
1601
1601
1601
1600
1600
1600
1600
1600
1600
1599
1599
1599
1599
1599
1598
1598
1598
1597
1596
1596
1596
1595
1595
1595
1594
1594
1593
1593
1592
1591
1591
1591
1591
1591
1589
1589
1589
1589
1587
1587
1587
1587
1587
1586
1586
1586
1585
1585
1584
1584
1584
1584
1583
1582
1582
1581
1581
1580
1580
1579
1579
1578
1578
1578
1577
1577
1577
1577
1577
1576
1576
1576
1576
1575
1575
1575
1574
1574
1573
1572
1572
1571
1571
1570
1570
1569
1569
1569
1569
1567
1567
1566
1566
1566
1565
1564
1564
1564
1564
1564
1564
1564
1564
1563
1563
1563
1562
1561
1561
1560
1560
1560
1559
1559
1558
1558
1558
1558
1558
1558
1558
1558
1557
1556
1556
1556
1555
1554
1552
1551
1551
1551
1551
1550
1550
1550
1549
1548
1548
1547
1547
1547
1546
1546
1546
1546
1545
1545
1545
1545
1544
1544
1544
1543
1543
1542
1542
1542
1542
1541
1541
1541
1540
1539
1539
1539
1539
1538
1538
1538
1538
1538
1537
1537
1537
1537
1536
1536
1536
1535
1535
1534
1534
1533
1531
1531
1531
1531
1531
1531
1530
1529
1528
1527
1527
1527
1526
1526
1524
1523
1522
1522
1521
1521
1520
1520
1519
1519
1519
1519
1518
1517
1517
1517
1516
1515
1515
1514
1514
1513
1513
1512
1512
1512
1512
1512
1512
1512
1512
1512
1511
1510
1510
1509
1509
1509
1509
1509
1509
1508
1508
1508
1508
1507
1507
1507
1507
1507
1506
1505
1505
1505
1505
1504
1504
1504
1504
1503
1503
1503
1502
1502
1502
1502
1502
1501
1501
1500
1500
1500
1499
1499
1498
1498
1497
1497
1497
1497
1496
1496
1495
1495
1495
1495
1494
1493
1493
1493
1493
1493
1492
1492
1491
1491
1491
1490
1489
1489
1488
1485
1485
1485
1485
1484
1484
1483
1483
1483
1482
1482
1481
1481
1481
1480
1480
1479
1479
1479
1478
1478
1478
1478
1477
1476
1476
1475
1475
1475
1475
1475
1474
1474
1473
1473
1473
1472
1471
1470
1470
1470
1469
1469
1467
1467
1467
1466
1466
1466
1466
1466
1465
1465
1465
1465
1464
1463
1463
1462
1462
1462
1461
1461
1461
1460
1459
1458
1458
1457
1456
1456
1456
1455
1455
1454
1454
1453
1453
1453
1452
1451
1450
1450
1450
1450
1449
1449
1449
1449
1449
1448
1448
1448
1448
1448
1446
1446
1446
1445
1445
1445
1445
1444
1444
1443
1443
1443
1443
1442
1442
1442
1442
1442
1442
1442
1442
1440
1438
1438
1438
1438
1437
1437
1436
1435
1434
1434
1433
1433
1433
1432
1431
1431
1430
1430
1430
1430
1430
1429
1429
1428
1428
1428
1428
1428
1428
1428
1427
1427
1427
1427
1426
1426
1426
1426
1425
1425
1425
1425
1424
1423
1423
1423
1422
1422
1422
1422
1421
1421
1420
1419
1418
1418
1418
1418
1417
1416
1416
1415
1415
1415
1415
1414
1414
1414
1414
1413
1412
1412
1412
1412
1411
1411
1411
1410
1409
1409
1409
1409
1408
1408
1407
1407
1407
1407
1407
1407
1406
1406
1406
1406
1405
1405
1404
1404
1404
1404
1404
1403
1403
1403
1403
1403
1402
1402
1402
1402
1402
1402
1401
1400
1399
1399
1398
1398
1398
1397
1397
1396
1396
1396
1396
1395
1395
1394
1394
1394
1393
1392
1392
1392
1391
1391
1391
1391
1391
1391
1390
1390
1390
1390
1389
1389
1389
1389
1388
1388
1388
1387
1386
1386
1385
1385
1385
1385
1384
1384
1383
1383
1383
1382
1381
1381
1380
1379
1379
1379
1378
1378
1378
1378
1378
1378
1378
1377
1377
1377
1376
1376
1375
1375
1375
1375
1374
1374
1373
1373
1372
1372
1372
1371
1371
1371
1371
1371
1371
1370
1370
1370
1369
1369
1369
1369
1369
1368
1368
1367
1367
1367
1367
1366
1366
1366
1366
1366
1365
1365
1365
1365
1365
1365
1364
1364
1364
1364
1363
1363
1363
1363
1363
1362
1362
1362
1361
1360
1360
1360
1359
1359
1359
1358
1358
1357
1357
1356
1355
1355
1354
1353
1353
1353
1353
1353
1352
1352
1352
1352
1351
1351
1351
1351
1351
1351
1351
1350
1349
1349
1349
1349
1348
1348
1348
1348
1348
1347
1347
1347
1346
1345
1345
1345
1344
1344
1344
1344
1344
1343
1343
1343
1343
1343
1342
1342
1342
1342
1341
1341
1341
1340
1339
1339
1339
1339
1338
1338
1338
1338
1338
1338
1337
1336
1336
1336
1335
1335
1335
1334
1334
1334
1334
1333
1333
1333
1332
1332
1332
1330
1330
1329
1329
1327
1327
1327
1326
1326
1326
1325
1325
1325
1325
1325
1324
1324
1324
1324
1322
1320
1320
1320
1319
1318
1318
1317
1317
1317
1317
1317
1316
1316
1316
1316
1315
1315
1315
1315
1314
1314
1313
1313
1313
1312
1312
1312
1311
1311
1311
1311
1310
1310
1310
1310
1309
1309
1309
1309
1309
1308
1308
1308
1308
1307
1307
1307
1307
1306
1306
1306
1306
1306
1305
1304
1304
1304
1304
1303
1303
1303
1302
1302
1302
1301
1301
1301
1300
1300
1300
1300
1299
1299
1298
1298
1298
1298
1297
1297
1297
1297
1296
1295
1295
1295
1295
1295
1295
1294
1294
1294
1294
1293
1293
1293
1293
1293
1293
1292
1292
1291
1291
1291
1291
1290
1289
1289
1289
1289
1288
1288
1288
1287
1287
1287
1287
1286
1286
1286
1285
1285
1285
1284
1284
1283
1283
1283
1283
1282
1282
1282
1282
1281
1281
1281
1280
1280
1279
1279
1279
1278
1277
1277
1277
1277
1277
1277
1275
1275
1275
1274
1273
1273
1273
1273
1272
1272
1271
1271
1270
1270
1270
1270
1269
1269
1269
1268
1267
1267
1267
1267
1267
1267
1266
1266
1265
1264
1263
1263
1263
1263
1262
1262
1262
1261
1261
1261
1260
1259
1259
1259
1259
1258
1258
1258
1258
1257
1257
1256
1256
1256
1256
1255
1255
1255
1254
1254
1253
1252
1252
1252
1252
1252
1251
1250
1250
1249
1248
1248
1248
1248
1247
1247
1247
1247
1247
1246
1246
1246
1246
1246
1246
1246
1245
1244
1244
1244
1244
1243
1243
1243
1242
1241
1241
1241
1241
1240
1240
1240
1239
1239
1239
1239
1238
1238
1237
1237
1237
1237
1237
1237
1237
1236
1236
1235
1235
1235
1234
1233
1233
1233
1233
1233
1232
1231
1231
1230
1230
1230
1229
1229
1229
1228
1228
1228
1228
1228
1227
1227
1226
1226
1226
1226
1226
1225
1225
1225
1225
1224
1223
1223
1223
1222
1222
1222
1222
1222
1222
1221
1221
1221
1221
1220
1219
1217
1217
1217
1216
1216
1216
1215
1215
1215
1214
1213
1213
1213
1212
1212
1212
1210
1210
1209
1208
1208
1208
1208
1208
1208
1207
1207
1206
1206
1206
1205
1205
1205
1204
1204
1203
1202
1201
1201
1201
1201
1200
1199
1199
1199
1199
1199
1198
1198
1198
1197
1197
1197
1197
1196
1195
1195
1195
1194
1194
1194
1193
1193
1193
1192
1192
1192
1191
1191
1191
1191
1191
1190
1190
1189
1189
1189
1189
1188
1188
1188
1187
1187
1187
1187
1187
1187
1187
1186
1186
1185
1185
1185
1185
1185
1184
1184
1184
1182
1181
1181
1180
1180
1179
1179
1179
1179
1179
1178
1178
1178
1177
1177
1177
1176
1176
1176
1175
1175
1175
1175
1175
1174
1174
1174
1174
1173
1173
1173
1172
1172
1171
1171
1171
1170
1170
1169
1168
1168
1168
1167
1167
1167
1167
1167
1167
1167
1166
1166
1166
1166
1165
1165
1165
1165
1164
1164
1164
1164
1164
1164
1163
1163
1163
1162
1162
1162
1162
1161
1161
1161
1161
1161
1161
1160
1160
1159
1159
1159
1159
1158
1158
1158
1157
1156
1156
1155
1155
1155
1155
1154
1154
1154
1154
1153
1153
1153
1153
1150
1150
1150
1150
1149
1149
1149
1148
1148
1148
1148
1148
1147
1147
1147
1146
1146
1146
1145
1144
1144
1144
1144
1144
1142
1142
1141
1141
1141
1141
1140
1139
1139
1138
1138
1137
1137
1137
1137
1137
1137
1137
1137
1137
1137
1136
1136
1135
1135
1135
1135
1134
1134
1133
1133
1133
1133
1133
1133
1132
1132
1132
1131
1131
1130
1129
1129
1129
1128
1128
1128
1128
1127
1127
1127
1126
1126
1125
1125
1124
1124
1124
1124
1124
1123
1123
1122
1122
1122
1122
1122
1122
1121
1121
1121
1120
1120
1120
1120
1120
1120
1119
1119
1119
1119
1118
1117
1117
1117
1117
1117
1116
1116
1115
1115
1115
1113
1112
1111
1111
1111
1111
1110
1110
1109
1109
1109
1108
1108
1108
1108
1108
1107
1107
1107
1107
1107
1107
1106
1105
1105
1105
1105
1104
1104
1104
1103
1103
1102
1102
1102
1101
1101
1101
1100
1100
1099
1099
1099
1099
1099
1098
1098
1098
1098
1097
1097
1097
1097
1096
1096
1096
1095
1095
1095
1094
1094
1094
1093
1093
1092
1092
1091
1091
1091
1091
1090
1090
1090
1089
1089
1088
1087
1087
1086
1086
1086
1086
1086
1085
1084
1084
1084
1083
1083
1083
1083
1083
1083
1083
1082
1082
1081
1081
1081
1081
1081
1081
1080
1080
1079
1079
1079
1078
1078
1077
1077
1076
1076
1076
1076
1076
1075
1075
1075
1074
1074
1074
1074
1074
1073
1073
1073
1073
1072
1072
1072
1071
1071
1070
1069
1069
1069
1069
1068
1068
1068
1068
1068
1067
1067
1066
1066
1066
1066
1065
1065
1065
1064
1064
1064
1064
1064
1064
1064
1064
1063
1063
1063
1062
1061
1061
1061
1060
1060
1059
1058
1058
1058
1058
1058
1058
1057
1057
1057
1057
1056
1055
1055
1054
1053
1053
1053
1053
1053
1052
1052
1051
1051
1051
1050
1050
1050
1049
1048
1048
1048
1048
1047
1046
1046
1046
1045
1044
1044
1044
1044
1044
1043
1041
1041
1041
1040
1040
1040
1040
1039
1039
1038
1038
1037
1037
1037
1037
1037
1037
1036
1036
1035
1035
1035
1035
1035
1034
1034
1034
1033
1033
1032
1032
1032
1032
1032
1032
1032
1031
1031
1031
1031
1031
1030
1030
1030
1030
1029
1029
1029
1029
1028
1028
1027
1027
1026
1025
1025
1024
1024
1024
1024
1023
1023
1022
1022
1022
1021
1021
1020
1020
1020
1019
1019
1018
1018
1017
1017
1017
1016
1016
1015
1015
1014
1014
1014
1014
1013
1013
1012
1012
1011
1011
1011
1011
1010
1010
1009
1009
1008
1008
1006
1006
1006
1006
1006
1006
1005
1005
1005
1004
1004
1004
1003
1003
1003
1003
1003
1003
1002
1001
1001
1001
1000
1000
1000
1000