8180
7850
4756
7911
8364
1017
6466
3207
3180
2496
9293
1017
3272
1483
9567
5660
5543
8948
1029
7011
5530
9043
1002
2665
2540
5801
6978
5957
9556
1488
1331
8281
7592
1043
6857
2053
5993
8579
7159
1649
9968
3055
1982
1758
2567
7757
8859
4879
1657
1532
2612
3496
7030
4551
3043
5766
3612
1022
1056
6295
5750
3347
1808
9323
9408
9204
7956
1563
6810
1810
3693
1384
5492
1316
8392
5253
1029
2237
2526
6786
1551
7310
6041
7536
4150
6433
6539
8541
9188
1021
5592
9984
8336
1844
4257
5954
1047
9547
7158
9730
9218
2482
9842
4163
8829
1673
9819
3525
1352
2205
5684
1929
8524
1489
8358
8007
9249
9712
5744
9667
5358
2801
5389
1726
3027
8445
1020
1469
1910
8543
6487
4663
3444
2355
1063
8019
3450
1574
5659
2045
9603
2479
9272
6214
1003
6247
1026
9454
6011
2217
4159
1854
2831
3614
1739
5336
6968
8162
1092
1025
1126
2770
1009
3262
3099
6181
9139
2679
2432
2820
4033
1872
1884
1038
9254
6743
1725
1034
3504
2619
2233
2991
6233
8297
6419
9220
1527
5004
8160
3804
1378
1998
7602
7409
8737
9834
6773
1839
4573
6051
4259
1005
1269
2293
5223
3997
9756
7868
2691
6233
1492
8527
2726
7226
8721
7845
5790
1033
4910
1000
2037
1008
1029
9887
3187
4623
8131
1851
1004
8114
2969
6499
4165
1308
4497
2965
5865
8175
9613
1096
1064
8807
1018
7169
3587
9481
7332
7244
7592
2314
1504
8729
1062
1827
3631
3472
8302
1017
1038
1036
6817
5287
6597
7134
1050
7438
8749
4506
4235
2240
7206
7747
2426
7549
1038
1091
1046
3104
1559
8843
6345
9021
9321
1599
4987
5104
1009
7336
5291
1599
3979
6161
9857
9179
9743
6343
7461
4827
9927
7322
9941
1021
6117
8262
9578
8083
5524
1028
6406
1008
1065
8653
7380
1048
2163
5592
9035
3278
3790
1010
4576
1532
4141
1025
2332
3982
8454
1051
8927
7405
3894
6961
1021
8077
2058
1128
5281
5933
1123
7042
2867
8586
5974
2474
1809
1334
3387
7163
2479
7480
3378
1074
6852
1242
7546
9013
7470
2193
1329
8567
1072
6049
6130
1824
5510
4946
2511
1415
6500
6480
1055
4817
1726
6488
1018
9199
2130
2336
9154
3948
1035
4006
4027
9084
6796
4974
1459
4918
5355
3167
7438
7759
1027
1054
8384
2643
8389
2219
2742
9714
2613
1161
7490
9534
1220
4031
3940
2033
6600
9227
3995
2167
7500
4797
1082
7196
9636
1445
1381
1092
1063
3759
3169
9893
5326
1670
8886
3596
1027
3423
2917
9650
4432
7957
1087
1812
1533
8041
3182
6179
8298
7411
9004
1032
1008
4958
9628
6550
5068
1356
4261
1007
9608
1391
1036
1911
7127
2428
4654
5356
8373
6848
8237
5049
5311
4526
1052
6011
2415
3901
6691
1537
2694
6504
8208
4971
3295
6774
5129
3796
5418
3337
8347
1000
1776
8758
2806
3871
6068
9702
7005
1746
9092
2031
7777
1010
9104
9523
9864
1020
9247
5334
8683
1473
1000
3065
5390
2222
8899
4117
7281
1005
1064
2516
6882
4004
4987
3423
7195
5771
5972
3950
6466
1009
1905
1051
3142
2119
2764
1492
2740
7405
1015
4508
5392
9452
1213
8876
3146
8982
1029
1317
3449
2406
7089
7001
7593
2899
9000
5246
8668
6423
3060
5773
9763
2079
3699
1022
3688
3651
1023
3861
7644
5030
3626
1011
2979
8953
8232
5143
7939
1029
1090
7590
1001
7678
1039
3227
5683
6499
7064
1259
1088
3272
5816
1023
5864
1853
6558
2922
2668
9095
4999
6050
7708
7978
9855
1140
2453
7796
5952
2614
6097
3799
2481
7840
7644
4992
1050
6285
7111
1029
3642
2175
7139
1419
8869
8786
1005
7672
3265
3263
3573
3424
6219
1857
8808
8333
1083
3003
7102
4417
5858
8146
1016
1049
1045
7102
9739
2984
4339
1858
9331
5015
3765
1244
6579
3812
9730
7541
9624
1502
9390
9523
4407
5360
1038
2178
5574
5089
1418
1170
4767
2443
1037
5790
1003
1031
1158
6793
3798
6173
9908
4976
5257
2054
6854
3839
1056
7168
9782
1993
6722
9200
1032
7573
5938
7748
2464
8450
1061
2826
1772
3652
9733
5074
1372
6081
7992
8287
3267
6957
1102
8239
6074
5615
4211
9184
1561
1030
8105
7264
7081
7664
9380
9070
7692
1026
9273
4414
3103
5826
1014
4601
3092
7897
6650
1056
6428
5605
3645
3070
3612
9713
2713
7212
7822
4982
9428
4933
3494
1016
4158
6929
2377
5805
2185
4251
8921
6944
1014
7049
6639
9456
1236
6432
9157
6686
4394
6241
7369
1145
5980
4911
3348
1057
5660
8360
3807
4407
9430
3497
7452
8954
1373
5883
1341
5537
8232
1033
3673
8099
2025
1719
1001
3116
7772
1026
6604
5200
9079
9481
3103
2382
2156
3932
6671
3791
1051
9158
8604
1722
3150
6377
1038
8866
8616
5224
6480
2834
9260
1009
6963
9359
9906
9671
1936
1013
5117
1717
1495
1999
3329
1386
5906
2007
4988
4365
1005
2898
4189
5815
1019
1036
5739
9247
1375
3389
1622
5006
8718
5715
6454
1514
4113
1029
9754
4775
1234
1003
3556
2724
6571
1010
2176
5905
5868
6801
8499
8635
9540
8871
5320
6233
5128
2235
2622
8990
2952
1064
8059
8428
2754
7907
7125
7554
7775
3206
1017
3632
4598
5395
2587
2344
1021
9197
1199
7644
1967
6472
1025
2991
9304
3263
9424
2382
6772
1900
4791
4163
4619
1002
4345
6968
1054
8541
4038
1902
5133
9551
1706
1046
2813
8668
1005
3833
1960
1800
8384
6383
1044
1031
2893
1825
4545
6781
1828
7453
1086
1010
2762
5184
5166
8037
8761
5879
4362
1021
1027
5198
6098
3854
2790
1207
8818
1993
6606
3024
9668
5644
2185
8342
7072
6944
4056
5430
8737
3489
1963
2780
2381
9181
1559
7742
7288
5354
5974
6970
2181
1868
1009
9983
7139
5994
7326
8361
8691
4979
1306
5284
5267
1405
1084
8345
8191
4392
6717
1854
1360
2876
3028
1033
4900
8126
5246
3142
6360
1746
8502
1064
