1000
1002
1016
1028
1029
1035
1050
1084
1089
1158
1172
1258
1258
1264
1267
1325
1338
1417
1589
1660
1708
1711
1786
1859
1896
1909
2002
2064
2214
2327
2557
2759
2761
2765
3023
3167
3217
3416
3440
3593
3735
3824
3944
4066
4266
4391
4497
4655
4830
5048
5108
5159
5385
5553
5556
5765
6178
6238
6276
6387
6518
6565
6641
6786
6857
6893
7041
7125
7138
7158
7251
7280
7358
7441
7443
7512
7532
7603
7754
8105
8124
8254
8374
8437
8569
8686
8714
8842
8875
9037
9283
9351
9426
9522
9595
9626
9786
9852
9896
9961