1415
1885
6810
8265
9078
1413
4932
1248
1587
4840
1934
8843
8507
3237
4485
5003
2110
9635
6248
1124
9010
5100
6874
2434
6469
2534
1414
9022
1312
9186
2779
7075
7920
9853
1351
1334
1064
1081
3874
1246
9455
3044
2729
1105
4964
5750
4527
9090
2354
3208
8433
5974
9287
1155
1418
6991
9311
8674
5343
8410
7737
4108
4228
2469
6646
1833
2235
4307
1758
1064
5961
4136
2216
3122
5862
7112
5507
1179
7378
6855
1832
9132
1278
4555
1189
6787
1104
7564
1566
1212
9100
6198
4876
8538
3231
4647
7798
2112
6178
7645
1349
1403
3377
2080
9296
5531
6438
8080
8097
4430
9014
1369
4939
5753
2628
1064
2949
1426
7265
2400
7104
1174
1262
6406
8902
5984
8965
7768
8744
3083
4684
1642
6894
2778
1046
8594
1063
1351
2977
8654
7428
1373
2710
3040
3218
4857
1316
7512
2442
5429
1558
5128
5124
9736
1291
8908
1195
1236
1221
1689
1829
6412
1551
2496
1946
5741
1547
1102
2621
1244
1624
6283
5884
4097
5403
7983
7961
1755
7082
2172
4324
1787
3620
5416
6414
2042
7261
1389
1287
7990
8534
1392
1175
7860
1595
3612
7700
7252
1449
9971
1194
1142
1897
5694
6318
8132
4999
1306
1809
1462
5066
1474
1408
8823
1137
9396
7509
8790
5442
4916
8017
1693
9597
1717
2081
1199
1653
5407
4463
7880
5503
9714
2885
5063
1364
5434
1180
1233
1897
9361
3391
3738
9451
1491
1170
1973
1083
4348
7185
1467
6093
8657
6952
8686
9498
9033
1482
3089
2075
5917
1507
4700
1291
3592
1101
1678
8265
8570
1159
7994
9000
1030
4598
2881
2624
4159
4474
1068
6767
9603
4477
9997
2373
5041
5282
1621
9208
3660
2908
2088
2735
3417
1580
8720
1063
4989
4486
3354
3045
6546
5870
9824
9256
9485
4548
9418
1680
5075
4214
5609
1229
9396
1480
8977
2140
7906
4796
2555
1069
1077
7668
6096
6033
8898
8736
4131
1292
1400
8794
7684
7273
6173
1818
6504
1686
1599
8418
4193
1404
2296
3344
2016
3955
1126
1001
6022
9374
1051
9396
8728
6198
2701
7968
2432
1137
8231
1352
1360
2500
1153
1037
2854
7908
5228
5292
5924
6004
5017
2753
6343
1083
2501
5503
6495
1337
1263
1289
4451
2513
5750
5047
2232
2150
2552
1127
2101
5554
7824
2200
1737
3469
4775
5752
5963
8187
5231
3096
9536
1408
6237
8140
8155
1110
7033
9020
6232
4213
3165
7706
1037
2144
6914
2807
3963
2233
1591
2511
1772
1385
1014
5156
3033
1153
7692
2401
2501
6148
2643
5377
1625
4919
6810
6844
5704
1148
3747
2296
6633
1017
5378
3230
6560
4666
7430
5239
1704
3813
1675
4545
6937
1289
1034
1193
7285
6084
6502
1660
2850
3113
1498
1655
5629
6354
3859
1008
2988
6531
4556
4055
7524
6148
3709
1241
7481
5707
2196
7920
3972
9343
1581
2181
1309
5896
4717
2785
1469
2004
5115
1093
2950
9626
5131
5900
5834
4480
4524
7332
4454
2943
9898
2374
7157
6735
1375
5052
1546
5345
9492
8104
3847
7272
7559
1095
5246
8241
7626
1849
2572
7167
4175
4347
8242
8027
2695
4316
2481
8971
1247
9094
4951
3244
1968
7768
9715
1624
5256
6867
8826
9755
3528
7984
4988
5711
6797
4763
1674
3157
3457
3289
1530
3386
4469
1889
2308
2564
1146
6355
5977
5108
7185
2396
8180
1270
1297
2919
5615
9995
1450
7702
1186
2600
4913
1272
1706
1870
5594
8834
6803
6817
1531
2417
6790
2956
2407
1520
3114
3045
7681
1082
1044
2173
1676
4274
5735
9325
1115
3487
7901
1120
1899
1775
9640
3104
1096
1765
9568
4247
1385
3961
1479
1504
2492
9778
6677
1479
3340
4382
9512
7966
4845
1911
4708
1726
3567
8837
6467
7252
5940
5244
8907
9482
7810
9087
7454
3231
9999
5274
5033
9943
1642
2680
2142
3626
3246
1761
8804
9042
9350
9681
6649
8602
2664
9295
1134
1480
5131
3966
6671
1888
9123
1737
1559
3616
3943
4445
2201
7640
4247
8136
6422
1188
2321
4396
2264
3947
1068
2524
9400
2265
1463
1418
1499
5586
5810
1673
6945
3856
1228
9377
7238
8265
4204
9931
1163
1599
1303
1591
1123
9187
7017
8180
2223
6201
1263
1572
1606
4960
7780
7764
5279
8938
2232
4516
2623
8208
6530
3402
5839
5159
1226
6014
3403
1448
9854
2601
2247
3022
7986
9388
2046
1637
1403
8396
1663
2736
9910
4116
8437
4647
4933
2272
6591
7598
5050
1445
5254
1942
1771
5214
8670
2211
7062
4092
2333
6081
1502
5389
1369
7068
8526
9222
4407
2133
1099
2011
5125
8599
1861
1579
2106
1162
2850
7954
8135
3340
5733
1208
8332
5657
4051
6643
2697
1189
5995
2232
1226
7659
4963
5948
5795
5935
5224
6038
2208
1345
1154
7721
1045
5010
1962
6663
5363
1826
9670
9309
5533
1955
1384
5909
8680
6861
3430
7139
9120
2302
8567
8721
3728
8332
9473
7793
6487
6426
6144
8577
1178
3558
2201
1320
1685
5663
8479
3336
4895
6675
2107
3917
7612
6285
8287
8251
8876
1001
6371
2047
5597
7775
9302
8366
1903
1201
5974
1966
1370
9805
9056
1425
1016
9963
5258
3691
8728
1177
9930
4214
9084
5884
6674
9775
1176
3103
1228
3582
8267
4009
7131
2355
4093
4841
1429
7107
5398
7512
7266
1091
9843
8058
1246
1749
9652
2515
7756
9668
6213
4851
3447
1333
7871
8563
8224
7326
3949
6246
2476
4281
1369
8542
9160
5501
3766
1266
9627
2169
5282
9434
9593
1062
1492
2106
5525
7217
7412
1443
4880
9310
9265
8932
8225
1425
2457
2201
2326
3910
6976
8543
8026
2273
7176
3198
9402
4345
2741
8583
1171
4313
1592
8821
7695
4640
6515
3557
1403
4469
9339
2931
4544
1040
2557
9786
9563
1499
5296
5892
3203
7333
8146
4461
2678
4350
5639
5547
1673
6835
2700
2088
1599
1623
1097
2111
2147
9104
7087
1017
1200
1326
8009
9766
1250
6493
5524
9733
8963
6505
4493
1246
2000
5894
6047
6008
7956
3287
1003
8752
2580
6927
3134
9103
9117
7682
6522
1895
2738
4401
9696
4763
2581
4822
1442
2804
9840
9096
9899
7296
4436
4702
1316
2551
9695
6846
8109
7609
4077
1539
8519
1925
2016
2963
4025
1216
1660
3449
3997
1600
4015
3344
1698
1850
2659
4144
1024
3756
9032
9622
1242
1142
9115
7340
3782
2019
1325
1623
2436
8297
3188
1906
8617
8227
9221
1519
7523
5901
6737
9613
6860
2069
6555
2425
1385
1371
5583
8541
1079
6464
4886
1841
5399
1307
1921
4794
3989
5538
6785
8019
7634
1574
2516
5674
1641
3452
3949
9850
4825
3704
6965
8869
2669
1371
4354
1779
6366
1259
9172
2283
1282
1170
1237
3293
8128
9779
7831
2167
1569
9922
1508
6775
9969
9904
9533
1646
3835
1522
6692
9100
2224
6521
4394
4629
9692
1598
1053
1304
7036
2181
1390
8046
1187
2958
2930
3964
9320
1399
6549
3086
1189
1086
9225
1391
1466
1946
4371
1848
8477
2319
1136
3357
1535
4668
9581
4226
5928
6772
2668
1286
5320
1412
2168
1589
3823
4060
8533
5804
1280
1294
4470
4036
5412
2602
2699
7119
2058
9701
8272
4853
6534
3330
6724
9676
9274
5166
1818
4569
2132
3355
4095
2134
9768
4880
1546
7136
3070
4689
2147
3025
1116
1448
7806
1886
7381
2256
6426
9735
8094
7758
6148
2117
5639
3250
1481
3628
1497
4219
3937
1267
4702
3875
1314
1853
9959
4150
4925
9535
4199
4917
3824
7519
8624
8195
5452
7654
2611
8525
1164
1353
1444
7886
2403
6667
7257
3549
2245
9633
1012
1527
5666
1470
1503
8178
9583
3563
1970
3914
5579
1963
5763
6166
9494
4744
3759
7587
1598
1111
1741
1234
1957
4737
9378
6292
5633
8739
3377
1013
1871
1632
3056
4042
1630
3619
8835
1512
1910
8112
6803
6386
4819
1344
8865
1702
9612
6811
2071
6996
1012
8060
3016
9233
3325
7184
8785
6707
8845
3950
3842
3503
2477
1682
3141
6182
1310
2775
1378
8418
2011
1493
7665
5270
7405
9176
3431
7125
2007
6605
8186
4839
1107
6015
4321
3960
1135
6115
5214
1301
1404
8744
2776
4194
1352
2545
4849
2568
1339
8754
1135
8006
1753
9044
9165
3098
4070
8391
4517
7319
5967
4093
6502
7875
4065
1542
8119
7368
1068
8552
8570
5581
1835
5373
8372
9096
7551
9462
6365
7969
1308
9653
7475
4618
6801
4569
5396
1804
2302
8875
1205
2657
1129
8666
9308
1058
7904
4266
1461
7951
3295
9543
1137
4392
1510
9987
2580
2272
8049
4591
6757
8276
4803
1086
6142
1507
1035
5290
6541
1722
8629
9825
1848
8928
6988
1198
1601
4535
2207
1509
1168
1855
4092
1656
7210
3441
1058
1018
8661
7924
3096
9594
9895
9540
2771
1984
2874
9897
3064
4988
5097
7493
1704
6390
4972
6686
2809
7150
9632
6874
2791
1748
1306
8190
8235
7698
5896
7337
1363
3144
1338
4095
3802
1111
1365
4172
2297
4471
6494
2761
5415
5600
1306
4103
2845
6121
5975
8104
2516
1065
1041
7201
9243
9481
4473
2224
7208
9141
5965
1402
6709
1576
1053
7544
1035
3710
2250
6367
1250
4502
3836
7124
7443
2326
2303
3356
3946
7372
1319
6966
3217
3516
1862
7796
5654
7451
1438
3413
3102
2551
4669
1243
1512
3168
1535
1223
1404
3386
6621
7773
2755
1838
5319
1691
5506
7238
5134
3449
5668
1591
2360
8546
6239
4422
5369
6282
6873
9238
1412
1117
4989
4548
7544
1121
1865
4084
6144
7402
1856
4721
4487
9833
7060
7426
4265
1933
3689
7052
5324
4755
7034
3681
1551
9898
1423
3735
5333
8181
7816
1102
5395
1526
1378
4041
8099
8274
1284
5682
8809
9793
5038
2581
9672
9291
4445
8184
1542
8516
5237
2632
7053
9294
9678
4890
9664
1538
3579
1116
1887
1133
1335
8358
2606
6716
1574
7515
6143
3289
9396
7050
2709
1083
2194
7985
2761
5174
6869
1765
5934
9613
9388
1207
1197
5273
5819
4996
1270
7060
1667
7737
9626
3608
1363
1446
9102
8795
7926
1564
1668
5734
1957
2133
1825
2053
5470
9862
6617
9230
3448
1195
1727
5377
5838
1454
6182
8697
4863
7421
3618
6083
1120
2764
8413
8924
6393
7717
2438
5077
1066
1462
4049
9241
6699
6387
2941
6315
2113
8894
6596
5087
3582
3102
7315
8745
3619
1614
6004
3282
2557
6600
1310
1162
5828
2198
5473
7179
7339
2256
3999
6986
1674
9259
1325
8380
9149
9565
7558
1611
6317
4865
9952
8670
5665
5732
2805
3330
1442
3111
5155
4026
9889
6472
3472
9742
1428
9891
2348
3821
6121
1867
3152
7951
2380
5548
2408
9789
9150
6765
8570
8217
2829
7882
8869
6654
4355
7794
2332
6025
2718
4030
4357
6585
8480
6500
9390
5459
6056
5787
5856
1081
4145
4287
8358
7708
6633
5863
1536
1237
5698
5598
7202
1406
2738
7551
2399
1362
1689
6751
7418
9776
1943
8842
8651
7514
1496
1293
8224
6976
6778
1539
3292
8668
3200
9260
2526
1830
2508
6814
8936
4855
9314
5247
1556
6725
1429
1338
4253
1459
1396
9044
9748
1577
1564
9272
1277
2911
1032
3312
1208
3248
9556
4029
1781
9011
8556
1591
3886
1185
2438
6207
5452
3656
4986
6583
5028
4844
9596
1255
2597
5500
3822
8983
9697
1607
6468
4395
1691
1504
8753
8633
6827
2502
4894
1406
2669
5463
2813
9961
4888
6549
7950
1696
3383
7152
6333
4651
9906
7594
2605
3181
8722
2698
7710
6492
3923
6524
5593
1191
1016
1878
1500
2478
2487
5568
1512
5882
1597
1560
2496
1757
3616
9503
2893
3729
3623
9169
8258
1067
8030
3636
5922
7625
1755
1233
2043
4975
9594
3240
5266
1332
6121
5994
1520
3833
1498
1428
9710
6488
3092
8341
8948
4756
7821
2969
3002
1784
5407
2884
3194
1558
2410
4164
3607
4021
7112
2938
3330
1442
3896
2396
6167
1364
5647
9194
1092
7460
9521
3119
1669
1079
1847
1312
1434
1422
4878
7688
8182
3815
7349
4364
5825
6551
8630
4932
5914
6099
1995
9361
8501
1230
9718
1567
6502
6859
3647
6345
5532
1069
3620
1449
2285
1175
7442
5186
6219
1748
1584
5463
7355
8567
3340
9126
8014
9312
2263
3661
1052
1353
6639
7126
8107
8739
2133
7808
1641
2941
6884
2584
5669
3936
5320
7207
5583
5033
9268
1148
2206
2904
5374
5340
6032
7641
1773
7591
4471
4752
9606
7420
6514
5003
1875
8912
4265
5859
4006
9499
2990
8595
5821
2211
1248
3739
6710
3582
6801
1239
1828
1521
3690
9084
1562
6717
1210
7676
4283
7450
4038
8298
2962
1246
2749
7703
2311
3342
5668
3506
9961
1334
9645
9383
2457
3650
7211
2499
6770
1503
6746
5430
8155
1389
2306
1029
7406
2402
3132
1485
2165
2419
8570
1167
6764
6563
7992
1003
9153
5573
2924
9199
1147
9161
2077
1269
6683
4865
1900
6640
5663
3590
3527
4087
7583
6138
5999
4416
8446
3987
8903
3075
8499
8985
9139
2243
1269
7995
4200
7748
1272
1365
2369
2244
1267
6384
1239
7018
3485
5812
8509
1160
6459
5593
5630
3671
2851
8680
1645
2079
2648
7235
3386
9019
1560
1928
2754
4364
9617
9318
4781
9940
4297
1270
8572
2439
5398
6824
6512
5597
7989
3199
1000
8867
4790
1713
9286
4615
2643
9318
7320
1759
1285
1100
9536
2399
2252
4234
8562
8147
9412
7515
5894
7939
3041
9284
4983
5914
4698
8547
7995
3340
7069
6015
1806
8322
9859
1235
2983
1879
4369
3795
1544
9531
6087
4724
5517
5188
2872
6499
9337
1376
9314
1848
4150
2020
6312
5272
7567
5475
4656
6339
1755
1412
2613
1380
9264
6182
1325
1775
6367
1578
6568
1842
7651
8270
8580
9872
3572
8947
8160
7660
1338
6440
8577
1564
5753
9926
9457
2592
3092
7637
1129
2002
9672
9174
4297
9847
5241
7683
7684
1277
2178
9443
3024
2140
3197
2782
2526
3873
3472
8477
3210
8226
1442
5676
2769
2023
2231
7070
2726
3189
4181
9827
9514
1164
8069
8365
1277
5883
1248
3474
8314
1509
1710
5511
6005
6512
9773
2091
8644
3277
2274
2262
1221
7770
8360
7890
1493
5417
8505
8338
7338
2776
3420
6953
2419
8515
8764
9671
4258
7072
5333
4934
7573
5621
5705
4466
1723
7331
7018
6131
2232
4393
5191
1943
1657
5917
6025
3591
6890
4881
9405
1764
1466
8232
2449
4683
2154
8631
3446
8837
1519
7531
1710
6610
1351
1338
2125
6545
5019
2395
9347
9234
1549
1745
7982
3903
6913
2571
6447
7757
1427
6149
1309
9967
6758
4909
1233
8505
4648
9851
5522
3447
3189
2023
9759
7741
5521
4553
9609
1239
1729
7146
9660
3775
3629
2351
2454
7887
4966
5563
1002
1621
9841
7767
6533
1362
1293
7010
8398
6862
8342
4962
3890
5687
5483
1343
1648
9700
1858
2399
2225
8025
1637
1465
2068
5675
1167
1241
3606
8412
1538
2954
1029
5197
1758
5152
6213
3801
3320
4985
2792
4788
1180
5419
1545
1330
5241
7262
3974
5962
1187
2048
1763
7254
3029
1214
6069
7273
9125
1514
3724
6430
4989
1327
7752
5773
1119
1233
6628
1541
1875
9079
9408
5463
9053
2456
6102
3198
1212
4970
5242
1235
9293
2478
6977
5298
7171
2260
4661
6377
2953
4079
1161
3791
1539
1779
7134
6347
1591
9062
9552
9469
2104
7011
4173
1361
1366
5153
1231
8600
2481
7915
5932
9275
1560
6308
1252
1531
4604
1228
1628
3293
3909
1014
8012
5988
1332
1583
5776
1428
7392
1632
1122
6774
1407
5401
4315
1558
1612
1222
9225
1341
1069
2716
1279
8578
8613
2043
3144
5155
1744
9199
1379
7901
7313
1807
9716
9445
7845
2416
5419
1527
1428
1861
1712
6141
5004
4152
4394
8914
9837
5495
1871
5524
1965
6198
6847
1961
8985
8069
1596
9171
7944
9002
6612
9701
1030
1044
1053
6740
3791
2140
1643
7326
1095
1157
1137
3696
9790
5598
5622
8937
8028
8418
6161
3470
2331
2743
9451
2146
1342
1281
7790
9585
1637
1599
4445
2085
8372
1020
4138
2931
1113
1174
1268
1697
2989
1339
9938
5992
5626
2003
3113
6138
1678
5601
7058
4277
7095
6797
1075
7158
1342
7438
7093
5003
7691
5813
6341
1000
9576
5345
3097
9802
1550
3441
1133
2852
9351
9774
7845
5751
4400
1057
3659
2546
1457
1438
4280
9488
6774
1316
1515
3350
1300
9736
7997
1344
3727
1066
2320
1024
4740
5932
3928
1994
1334
1965
6627
1604
4729
2437
1366
1148
2659
2321
4120
1261
1759
4014
5214
1411
8902
1989
1458
3181
1034
1440
3751
2267
1298
5773
2107
1764
1299
7351
8934
7893
1955
1603
1097
8488
8936
5397
4135
1105
4518
1418
8582
4284
2762
1513
5004
5515
2739
1006
2455
6927
1628
5830
4136
1107
1507
1536
1859
1120
4034
9615
4891
2739
3045
4016
2125
4441
2491
4498
1310
8796
7555
1309
2659
1297
1057
3112
2713
9020
6609
8392
1835
5868
8255
3638
2702
1551
2693
9176
1918
5422
1006
3036
5518
9626
3805
6161
8673
2173
7141
6486
9042
1663
6966
7992
5666
5334
8740
4087
8267
2413
4268
4510
1771
8059
5892
1928
1636
1915
3476
4464
3347
1575
6773
3305
7312
6453
8169
2416
8501
9575
5628
4415
1312
5289
2868
1313
4479
3552
1377
7527
2953
1798
4221
3050
1350
2934
5184
4166
4772
7332
1786
1179
5555
8727
8658
4058
8681
1669
2684
9362
4331
5057
3211
1371
2867
7458
1806
1595
4869
2636
9872
6557
5561
4589
1167
1343
3807
5078
1478
7778
1788
1477
1192
8169
3190
1473
1238
6248
6822
5261
8213
2359
2805
9689
3055
2300
6427
9641
6047
2106
9118
3684
1506
6350
1710
1404
6086
8135
5386
2843
2078
7795
2668
3194
2308
1830
6460
5376
5280
3918
4597
6983
4161
8741
7374
1795
8245
4755
6730
5406
4603
6806
6944
1273
5285
4724
1634
5974
3715
1277
2129
2592
2547
8293
7995
1259
7851
1831
4109
3896
2592
7277
2459
5392
7723
1409
9132
4927
4437
4642
2541
3212
5390
1402
8266
7262
3964
1166
4774
7677
5605
9727
1644
7753
2729
9331
1636
4036
1670
8088
1865
1928
5124
2595
4989
1725
2211
2800
6749
3480
1133
2236
7798
1923
6987
9018
6714
9953
9014
8159
5063
8177
2754
5333
3622
1737
1213
1951
8310
1438
5242
1673
3637
2621
7216
3873
4763
3785
9678
9871
8859
7710
5043
1014
6057
5709
4010
5522
1409
7554
7794
1610
6171
2167
1037
8131
1067
5796
5283
2225
9740
2605
7332
9841
1428
9850
3669
5594
4312
6522
3969
7828
7047
5216
4365
8474
2598
6665
9696
7033
1718
8769
7078
6265
7578
4215
5046
5931
1028
1537
8448
8356
1165
4595
5592
4469
3819
6693
4024
2249
8612
1101
2298
6154
1352
1897
1155
6045
1208
8342
9795
1458
8002
8592
2107
2537
1636
8832
7681
4492
5990
1625
1107
7022
2675
1061
8923
1422
1721
7636
6865
4220
1930
5187
9337
3316
1397
7356
2236
5217
4645
5628
1952
7117
4204
7051
8247
6892
6770
6226
8454
8290
5163
3974
1153
7311
9318
1367
2226
9669
5458
8187
3999
2104
6641
7515
1222
9052
6030
4323
7224
6449
9274
6654
9559
6591
3069
3923
6161
2289
9395
1481
7941
4173
3294
2576
5355
1768
1031
1353
4724
8020
4129
1058
1554
8948
1256
9965
6000
6164
1918
1141
7317
4220
1230
2473
9895
2636
2527
1469
1806
1088
2461
6888
2258
5072
1606
2066
1547
7515
3653
9309
2082
2295
9335
1156
2265
1344
6669
9330
5105
7964
8536
6845
7060
2791
3412
5807
1258
9791
2592
9566
6301
9207
7605
4885
3931
6235
2785
1613
1509
8901
7552
5006
8947
5011
3432
3272
7850
9537
9320
1600
2698
1403
9965
7197
2742
4009
7831
2507
1683
1391
4005
3603
1402
5728
1138
1021
2806
7886
6912
8409
7052
1613
8261
9237
2124
9025
4083
8519
1600
1346
8073
1099
2749
8072
4344
8098
1758
3944
9909
9791
5888
4449
4678
1103
8490
1666
6528
3779
7880
1570
5924
2124
9361
2906
2437
1467
4756
9322
1692
5068
2769
1414
7295
4332
1336
3735
2626
1201
7267
4867
1858
1764
5594
9650
6929
3644
1315
4802
1537
3939
1453
4126
2740
5495
1828
1101
3756
1793
1121
6271
4610
5670
6622
1274
9772
9001
6213
1642
9730
2639
6167
1110
9217
6677
8031
7027
7245
1061
8838
1569
2472
1034
3672
2110
1168
5501
1564
2441
8085
1739
2266
6706
3662
2386
4267
5440
7700
6380
7931
7758
1595
3688
8976
1827
3880
3105
1139
2612
5948
1334
6000
3890
2362
5689
3747
5185
4008
7555
1584
1993
1193
5124
8041
4691
4184
2796
1586
7619
5832
5323
9497
7083
5172
5708
1277
4666
1685
5807
8092
5415
3987
8899
1897
2149
7610
5408
6732
8287
7779
2077
8287
5380
9285
2420
1040
6169
6781
1667
8222
7331
1048
5688
3548
7575
4061
5577
1087
1215
1026
5345
8081
7276
8103
1379
1890
6603
3984
1381
2631
6758
2168
2231
3767
2380
2532
6933
5168
8950
3073
9598
5983
8033
1225
1119
9765
2979
6461
8146
9020
6959
8945
5037
9255
4671
8850
5796
2909
1199
2923
1317
2201
4161
5775
8535
1628
2478
7130
1359
1936
1808
3604
7408
1022
2118
8171
9684
2656
1221
7724
7476
2024
1383
4097
9612
5589
4608
9098
1370
5680
1888
1473
3288
6365
2533
2707
4678
3787
7343
1476
2708
6572
3169
9208
1040
9360
4413
1540
4037
6663
1796
2091
6136
6488
9005
6766
4315
8643
2083
7293
5984
6757
5770
2286
1794
4875
6651
1313
8552
1164
5942
2855
2586
1192
7468
9718
1167
2431
1204
4529
9537
4342
5960
8368
9660
1869
2497
2558
1162
3201
1136
4821
8696
3016
9279
1019
1357
2396
1410
3280
7824
8491
3748
9959
6201
6791
4862
1365
7692
2113
5508
7745
3575
2033
2356
1927
2863
2098
1165
9099
2144
1169
6564
1977
5823
1266
8982
2715
1340
5613
8274
7414
3828
3419
8166
3089
4011
6540
3592
4393
6587
3971
5795
1000
4233
7900
9458
4275
7921
3188
3675
3525
2679
5245
1341
3710
1489
1192
4824
2752
2768
8758
1827
8878
9973
8791
1773
8424
6525
5413
5273
1448
8824
2036
8105
1659
1190
1407
3070
5838
6122
9185
3896
8569
1355
2840
6123
4777
1691
8467
5682
1341
6263
6916
6013
7236
6154
7035
1690
7302
2004
1621
2980
7141
9111
2557
2374
7385
5481
2051
2214
6855
5831
6637
7664
1098
6731
3567
4391
2337
8687
1587
8651
8311
8285
6768
6070
9139
8319
6548
2173
1737
1366
3965
2490
6598
6925
1078
4136
6452
8850
3748
4317
1040
9073
5550
2827
4791
9997
1730
3854
9479
1355
7233
4056
4925
4001
6733
8320
1426
6462
6351
8347
2716
4426
9105
7116
3543
1761
1178
2722
1298
9048
5921
5000
2721
2939
5007
1327
4062
5167
4369
1513
1970
4010
1898
1802
9537
6137
1973
8325
7483
9438
3761
7953
8796
5386
1601
6434
9726
6669
3334
2765
2407
1435
1239
5939
5706
3760
1730
6423
8817
5640
5825
1298
1167
7836
9997
7596
7739
1829
4473
9037
3195
2608
9402
5023
5542
5260
1046
6313
7556
7946
1379
1206
2100
4439
3917
1246
3417
4461
8022
9067
9564
3720
1063
6981
3934
9529
4195
9780
3316
5118
1968
2123
4582
4159
2694
2208
1443
3461
7841
6563
1450
8844
8469
9422
1734
3399
4949
4459
5242
4713
9643
3291
2487
2170
7369
7223
4193
4371
7036
1647
7864
5106
1322
1108
1349
7675
4317
8133
2711
7052
1994
1577
7568
2414
9618
7504
2033
4845
8574
1500
1558
7758
1696
8605
9288
5326
8681
9570
1576
2374
8501
2493
2135
4517
6269
9037
7183
4808
4691
1404
1550
9230
2200
3292
7492
1084
1759
1543
7162
5725
5133
2196
1055
7643
7148
1638
1552
1414
6723
6333
2811
6383
1338
4545
6917
1762
2220
9609
4609
7964
1348
1076
8407
9240
7549
3203
3108
9960
4580
7562
8439
7828
3823
7995
7454
1046
7028
2845
1286
7985
6791
7887
8092
8683
5260
7743
1460
7445
7010
1173
3606
3611
8333
2822
2434
4697
4900
3745
9024
5299
3238
2808
6688
2637
1083
8228
5036
5335
4880
6876
9071
2564
3293
8923
8324
2237
4788
1620
5303
9261
5851
1490
7235
2160
9805
8410
4565
8322
9616
1816
1399
8435
7360
2374
5279
8551
5704
8169
7502
7445
2847
6324
3882
6524
1813
5805
1502
2636
7198
1395
1065
9777
1412
1131
7455
2984
4516
1674
4505
1146
6194
6584
7480
1159
2641
2751
7446
1829
2005
9703
1094
6662
9244
5257
5956
8000
2630
1587
3933
5121
1262
1600
8909
1587
6494
7203
1372
5792
4525
9364
1125
4943
9662
7025
3221
1206
6077
2390
6126
6222
8726
4826
6119
6229
7726
8921
4373
9627
3269
9316
5378
6231
4778
2622
6137
2166
1171
7259
9397
5494
3575
2292
6513
5841
4490
1037
5244
9467
6875
8979
9619
8960
9971
6071
2045
7732
8628
4424
1991
4699
2521
1475
1892
2256
2440
5757
9013
8165
5768
9768
3485
8224
2973
9991
9814
2850
3810
9895
9162
9164
8261
1437
1608
2363
9757
3782
9933
4338
9098
8265
4053
3383
4783
4851
7089
2616
1363
7046
8276
4378
2355
6649
3640
4100
3960
1288
6590
1852
2587
3514
7531
4028
1035
7708
1564
1177
6659
7024
2173
3291
1360
6534
4914
5086
2252
3696
9422
1167
9103
4101
9780
1124
8108
2272
1048
4649
1119
1406
2490
9346
7089
3776
7948
3953
6502
5610
2274
2240
7555
6466
7922
9440
1446
8693
9425
1738
7440
6504
3588
1386
8033
2211
3895
8031
6783
8789
1729
6097
5159
4378
8591
1196
4272
1814
8689
5243
6775
5079
8408
5857
9411
5575
1551
1176
4424
7791
6194
7973
8252
2758
6855
1199
4681
6119
2447
1352
2902
1445
1195
1646
9628
4767
3766
5457
1053
3522
3700
5630
3011
7129
4597
3288
5687
5881
1112
4872
6014
8285
7418
4533
1122
2732
1260
8803
5670
1256
1866
7150
6867
7473
6143
1740
2237
6236
1032
9355
9085
8769
5017
1621
1083
5186
8098
1005
9227
7714
9370
5863
8863
7593
1547
3555
3204
1558
1378
8001
1804
7210
1775
3821
7772
6170
9057
1611
1185
1325
2935
2760
4586
8053
8482
7924
5842
1677
6205
3272
3476
2804
6758
1433
9447
3502
2502
3538
1943
8959
3903
7272
7202
8688
4756
1108
2701
1817
1932
8618
1358
4160
1765
5032
8264
3088
5051
7762
1222
2613
9422
5315
3560
6810
9442
6241
7090
1205
8073
7368
1869
1536
1084
7128
3186
8037
3355
5018
1866
2770
3983
1208
2014
2697
3152
1845
1859
4950
1144
6415
9334
1508
3626
9950
1074
4251
6360
8944
1073
1295
4036
8495
8266
6384
8875
6633
5696
2081
7886
1365
9538
1091
9204
9251
9757
1383
6283
6968
1428
6970
1141
9703
5452
7885
3819
9725
6601
7601
1876
2895
6197
4564
7651
3955
2651
1222
7773
4531
3499
4101
7702
3307
3459
7140
6643
9541
8351
2929
9226
6836
2362
2459
1626
1683
6385
2006
3352
1667
6189
8080
9151
1213
9522
5462
1317
7975
1409
3977
5858
1190
4881
7438
1286
1315
2884
1983
6649
8267
5044
3083
1164
2938
7987
8842
1122
1426
5963
1748
8745
8542
1058
9732
8272
1505
6051
5203
2140
1491
3326
2187
1086
1621
6023
7197
5752
9508
6022
1825
7635
5347
2156
5983
6463
3067
5891
1300
8904
6712
8707
8241
1367
7695
5917
1989
6871
3201
4078
2152
6375
4768
6354
1225
7120
2722
1831
7515
7256
1028
3764
7275
8678
7169
7033
7941
4583
2051
5064
7815
1231
9077
6694
3620
7050
9291
8048
1880
1294
2610
1925
6072
5368
8443
2494
4130
1695
9664
2963
1381
5168
8940
3595
1541
9329
9857
2213
1345
1217
8655
6904
8014
8139
1548
4337
2163
3358
1187
6941
1308
1879
1068
5771
9116
1324
4585
1259
2058
3452
5509
1846
8409
8096
6439
5751
7657
2529
2818
3598
5919
4880
2432
2388
1837
2073
1758
1879
2665
1959
2656
1401
1079
2374
3741
1550
3836
6197
4493
8134
8906
5428
5671
2934
4498
6912
1716
2562
4760
2641
1256
3517
3714
1032
1605
1580
6737
1721
1363
6803
1422
6004
6160
8450
5657
7296
4219
2231
3626
1257
1475
5851
1109
8842
1663
1099
7375
1854
1507
1081
1870
1876
7455
1144
5666
1483
9011
6641
1003
7861
4218
1854
3477
1900
5269
2410
2733
1445
4788
3451
1406
9035
3428
8263
1176
3452
7398
1544
3524
8968
1571
8095
2338
1222
1186
8039
4729
2030
4351
2094
2399
3696
8334
9093
3500
8340
2936
8297
6123
8757
9226
9426
3619
2670
2806
4233
4829
2122
4856
5146
2464
4108
6442
9386
9727
9921
9702
1466
1232
5818
5869
5025
5936
6608
5574
6814
1354
2398
2710
5331
4288
5964
1631
7820
5476
1646
1405
1758
7039
9472
1845
1818
6973
2369
1288
5901
1957
9558
6698
7318
4126
9281
1474
8946
5228
8587
8280
2216
6944
1090
6237
7943
7609
9652
1676
9228
2928
6204
4224
5160
6595
5036
8503
1675
5973
4281
5699
6674
8908
6557
5955
3875
5930
7294
5914
1785
6819
1285
3684
8598
3696
6114
1241
5672
6789
2592
9964
4239
8737
6957
1431
6317
2589
4712
1347
3488
5213
2506
1815
3700
7457
5024
1558
3810
1770
1295
2261
4409
1273
2679
3262
5999
6173
4310
3793
5343
2212
5656
1407
4803
3615
3101
7696
2529
6304
5853
2810
9162
5487
1120
2384
6053
6412
8710
3961
7947
6949
9700
2339
4884
6682
1388
1991
1064
6113
4927
2587
1154
1509
5725
2845
2835
2158
6509
6142
5370
4055
1953
1302
7515
2926
6143
1282
6964
1227
5106
1579
2711
7629
7178
9349
1444
6141
6479
6600
9777
1053
9417
8956
1082
1033
3652
9635
1175
8845
1376
1934
4881
9648
1198
1107
2991
8643
1389
8894
1367
8681
7310
1173
8498
4400
5235
8389
1903
1729
1336
2762
9299
4953
7140
1470
1019
3170
1596
5541
1375
1161
8027
8283
5413
1965
5056
1076
8809
6134
8850
9176
7512
1827
6755
5521
4973
2084
8731
8708
9375
3049
7453
9321
8459
6023
1024
2048
5960
8454
1004
3621
5785
2562
4410
8298
9761
4891
8941
1302
1730
2094
1519
5669
1495
8971
5344
3761
8304
9116
1664
4376
2231
4659
2628
1348
5323
8093
1640
2017
8347
4403
8345
9117
2445
1348
1179
1099
7651
7865
5723
4228
3961
9867
8978
1736
8923
8929
1823
1956
2236
3309
7181
5579
1395
4290
7096
1974
1726
1080
4250
1277
8073
3026
9504
6648
2229
1228
1674
1865
1124
8676
1443
9657
1643
2339
1301
9312
1393
1657
3183
4563
3789
3281
1722
5665
9166
7377
3161
6971
6896
2574
2541
6421
1455
1489
1617
1582
2293
7299
1430
5061
5904
3433
3408
4153
9086
1753
1805
4618
4342
8668
8075
1366
3123
3820
1056
5369
3387
6196
2827
3184
1661
7083
4905
4128
2536
3027
1282
5069
6646
6321
2045
6943
7308
2383
2693
8321
2479
1105
1470
7553
2237
3074
9848
2357
9404
1537
7514
1137
4986
1586
1149
1375
5114
2845
6353
8928
1011
2713
8629
2776
5981
9681
1041
4301
8563
9071
7329
5514
7716
8636
6750
8567
1411
1651
4326
6922
6472
9502
1647
3696
3718
9390
4585
7091
3686
4043
7025
8859
7321
1980
4603
1864
3525
7655
5989
5471
9365
6899
3240
6146
1561
2072
1561
3865
8066
3773
4236
4477
7630
9395
4426
2110
7979
8249
7964
4991
2561
1384
8504
1781
7754
5438
1097
1824
1584
9496
2036
4566
9194
9971
7802
2686
1055
2465
5776
8048
1201
2481
1374
7306
3070
9002
9600
4192
2934
4961
9238
1140
6076
1916
5905
1409
1805
3312
8688
7909
4953
1057
1420
6073
1227
7882
1721
3621
3578
2638
3494
4690
8115
9967
9377
9223
1221
1421
7292
9788
5778
1160
6149
4509
1050
6537
2917
5411
6613
1962
3181
5119
1942
6958
2930
9403
1519
6231
3402
6449
3495
2258
6637
8917
2083
2058
2256
9722
1411
1686
5685
7060
1600
8178
3959
4103
3176
1392
2360
2045
1649
5694
3180
4742
1719
2693
6987
5594
1830
6965
5919
4253
9522
2789
1944
3933
3372
1032
6325
6157
6473
6554
2052
7599
2980
9955
8509
8764
1253
5069
3038
8539
2291
3534
1220
6213
3172
1161
1596
4803
2279
1351
4414
5334
8500
4905
1197
5796
3690
1958
3854
9411
4126
5771
9989
2837
6986
9706
1517
7312
2431
6480
6626
3530
1301
5970
6692
8811
1282
1317
6034
8456
4913
7221
2475
1076
9279
7775
1672
1396
1933
8250
2506
2214
2188
1491
4587
1407
5972
4663
7895
1144
8789
4834
6635
1215
2478
1564
6338
2224
2934
5996
5011
9671
1442
2664
1244
8502
1279
2157
2012
9751
1054
8980
5268
2495
1309
2388
5944
4900
1823
5588
4837
9975
8046
1191
9249
5812
1098
1503
4377
8425
1179
3230
5805
2505
1545
2302
8589
8326
1139
7883
1339
1800
8774
1416
9519
2547
4336
2569
1281
8867
1031
2190
9503
7967
4643
1563
5191
1126
1344
4472
2265
8795
1117
1254
7540
1691
9257
1081
4972
8557
1208
1294
9725
7742
9621
6705
6598
2553
1594
7197
4259
5987
2711
1537
2019
6503
8142
2518
6984
2016
2672
4388
5130
1862
5774
2398
1639
3813
3546
3531
1084
3538
4539
6562
8093
2906
7063
7508
1713
7699
1587
4974
1430
3494
3241
2921
5171
6788
9715
1952
6136
1094
3550
1558
7827
7760
2039
3693
8096
2980
9262
2816
1279
7011
6097
1270
6089
7505
1036
7149
3633
6110
7262
2405
9589
5350
3665
8922
3047
1315
7256
2369
2324
1307
5612
6582
1461
8929
4743
4037
1162
4571
9356
7701
8215
6719
3109
9592
1022
1226
1627
3993
9020
9356
1187
1072
7486
9343
6977
5964
1659
9208
2236
9126
1133
1351
3871
2771
5946
7051
1060
6929
2594
2548
5408
2022
4418
4675
2706
8398
3616
5291
4360
8099
5193
9136
9861
8349
2764
1085
3712
9095
6734
5222
9158
2543
1649
1563
3892
2377
8384
2484
7902
3265
2257
1224
1173
8987
5207
5560
2787
6025
5845
1017
2322
3525
3990
1720
1006
8903
7675
7569
8861
9025
1914
1902
7203
1333
8984
3157
6685
2601
8439
2201
1109
1589
3210
1398
9617
8058
4884
5349
2568
2666
2391
8611
6098
2877
4154
1290
9957
7795
1557
7646
7145
1191
2993
5413
4960
5771
1213
2057
4770
3915
4199
8937
5938
7740
1377
1251
2334
1754
7938
9191
2368
8282
4765
2255
1862
2187
8496
1182
9398
1707
5107
1185
5313
2193
7873
5745
3682
1663
1586
9628
3257
8760
7882
8820
4644
5462
1899
2544
3239
6621
6554
1317
8543
4801
3307
6299
5604
3516
7298
7569
1302
4974
1712
1826
8295
4733
9996
9273
4980
7426
5720
1155
6320
1044
2186
8605
6301
6530
8053
6937
4372
6684
1642
1606
5171
2571
4408
6116
1128
2854
7177
8875
2194
6583
4791
5337
3922
3307
1905
9728
1422
7489
2754
2206
7553
5703
4089
1619
3780
5702
5419
4890
6246
3880
9680
2385
4032
7029
1726
8120
8764
1593
1861
7596
3223
1267
2556
8744
6444
3602
9945
1150
6900
7347
7570
4574
9197
6517
2639
1471
3133
1446
4749
4386
4871
5192
1364
9988
1038
6519
4073
1734
8179
1205
1006
1391
2885
8648
1003
9431
6682
4931
2656
8864
1676
8717
9398
3625
1010
4598
7229
6266
1674
2641
8151
9880
4138
2450
9600
6710
7796
2603
9972
1378
1901
2987
1522
1235
1492
8725
8417
7890
1387
7426
1478
1743
8055
2773
1887
1044
5835
7472
2070
6289
6343
3104
7114
7888
8640
3544
7533
2724
1097
4048
3135
6768
1682
3616
8613
9573
2761
3009
1324
5995
1050
2150
6101
7345
1777
9476
1292
5497
8978
3385
6478
3122
8913
6447
8642
7635
1475
5061
5613
9314
5595
7842
1076
6571
5520
1025
2879
7100
7781
1740
8277
6091
1589
3724
4729
6421
1575
2769
3570
7327
8170
8371
7051
1515
5684
5307
6529
5918
4983
1129
9471
6701
1020
5863
2772
9091
1795
6682
9298
2095
2586
3044
3766
1248
2275
6838
1327
8528
9401
8258
7943
8278
1634
7285
2531
6360
4700
7609
1261
1857
5450
3672
5754
3745
1080
2880
2034
1064
6377
1338
2584
9018
1427
7374
8051
1240
5504
1009
3569
1127
4795
2374
1315
2432
1473
9570
3889
1124
4476
1690
1373
9868
4244
2341
1003
3290
1048
5826
9526
1259
8193
4507
3260
1303
7306
5811
1548
3296
3317
7277
1436
1569
4927
6225
2279
8740
3573
2586
1664
2314
3759
9147
1212
2415
3950
2122
6861
1721
7448
3747
6523
8318
2915
9593
5606
1295
5963
4852
5439
3882
1636
1207
1013
9084
1821
2030
6410
9979
1416
1313
7928
5998
1158
9235
4203
1237
1029
6315
2340
3369
6169
4752
5612
1394
1394
3349
3320
5508
6646
1745
2889
9322
3277
8418
5114
6266
4992
7105
8225
1863
4820
2915
1571
6745
5400
1509
7126
1148
1255
2934
2036
2316
7213
7902
9818
1962
5501
9787
4160
7154
4311
7370
1709
2145
5313
7035
7217
1061
2226
7568
8361
7301
6956
6592
2646
4130
7830
1138
1415
1484
2000
1096
1510
2234
8221
8804
7118
7266
7007
1181
8274
9397
2775
2735
9192
1392
1073
5833
2426
1003
3008
6006
9921
3845
4411
5123
1724
8034
4034
1556
8676
1229
6649
1300
9014
2885
8946
1584
4231
6626
6302
3284
7077
1877
7340
2994
4157
2232
9122
8529
4499
7772
4592
4491
1432
1172
4587
6467
1990
4812
1293
7893
1622
8233
3387
9106
1427
5536
2954
1086
2657
1817
4473
6363
5616
7857
5532
6787
4603
5263
7583
1461
8622
2581
8506
7312
4817
7169
8130
1405
9318
4416
7941
2552
1041
1433
2014
8487
4146
1455
4663
2018
7625
4334
2694
4085
4287
7261
2799
6357
1244
7385
1802
5262
2873
5475
1397
8108
6085
6828
2705
2907
1342
2125
8872
7965
2146
3242
7529
6230
4319
7050
7241
5928
2002
1858
1449
8642
3712
1929
8614
3140
8117
1639
7622
4982
9546
1287
4026
6573
3311
1349
7676
8741
8960
9240
1185
4884
1121
6248
2606
1245
4662
9010
1810
7643
1320
9831
2214
5746
9863
2890
3974
3415
5546
7343
2341
9483
9590
7701
3222
2822
2412
6538
3375
1255
1609
8247
2167
3882
2091
1141
1228
2339
1330
3638
1442
9683
7430
1368
5816
8611
9274
9730
3749
2684
6131
2966
7974
2302
3367
1437
1065
4839
2528
9482
1217
1100
5002
8112
1132
1902
2281
1283
5652
6835
4146
1427
6896
9779
2240
6743
7067
8054
7553
5815
1493
4927
6801
3223
1360
5913
6734
6237
1155
5855
7368
3243
1371
2995
6690
2675
8196
9689
3504
2777
3015
2818
7572
6228
9518
2508
4509
5015
1011
2351
7100
1252
6281
7668
2223
7130
3381
2049
3445
3832
6274
3162
1296
5232
5353
8411
8222
2621
3659
1502
4965
5506
8371
1475
7494
1304
2628
7881
3901
1295
8927
2922
1030
6671
3817
1512
6416
2385
1222
5080
3297
4607
1223
3587
6194
6032
4134
1754
1134
3615
1284
9739
7124
1888
9779
7111
4760
3438
9548
2863
9057
3971
5526
6485
2977
1462
7835
6754
5781
2327
8660
5888
4389
3212
2290
2607
3262
5633
1850
9358
2015
8910
8859
5484
2113
9812
2242
1415
5166
5145
6614
8608
1626
1704
7178
2672
1118
5617
1243
3832
4256
6094
2008
7949
5842
7254
1425
9482
3062
5390
6797
4377
7673
8975
1073
2304
1967
8715
9777
1199
6679
4982
7064
5350
5696
7330
1465
6089
3836
1868
2135
7334
1154
2454
1484
2612
5027
2835
2393
3962
4411
1225
3040
9765
8791
3359
2112
2234
2918
1656
5331
2109
6349
1509
4707
3451
7469
9894
9865
9769
9568
6677
1558
1476
6783
4658
9051
3417
7570
3467
2736
2643
4407
1006
5460
4901
4055
1198
2565
9200
8782
4358
8857
1018
5464
6029
8497
4602
7357
8988
7014
2294
8283
1465
3851
7822
6004
9649
8475
8856
6159
9296
2747
1467
5509
9916
7863
5059
7574
3527
1749
1349
7200
8574
5664
1158
7425
9962
4895
1215
2750
2552
6024
9780
1390
5456
2349
9805
6711
2264
1516
7179
6697
8712
8130
2833
1599
9524
8601
6483
1064
2210
9829
3068
7317
6303
9629
4880
2835
7122
8352
6984
1642
4295
8421
9199
2785
6168
4893
3523
8549
1297
2712
3073
1665
1364
3819
1792
3703
6395
8278
3615
2282
1146
8983
1826
4238
2481
1090
8294
2531
1229
6571
6081
4416
2637
4911
4283
1585
8751
7233
2132
1518
4246
4876
1707
4683
4855
3742
1505
8515
2840
2402
1285
2754
1300
2154
6678
6652
1823
1748
4341
3168
2295
1120
1263
8730
1078
1402
1031
2601
8426
5133
7519
7899
2587
2526
5387
1287
2108
1111
7978
2776
4447
6376
3681
4344
2669
1320
3800
6564
2440
1502
1925
5428
3701
7062
8631
2937
1299
6117
2811
4155
1656
4825
5777
6459
2122
2985
1064
7752
5466
8372
3043
9568
9886
3440
3065
2751
1660
3078
8920
4086
6896
7826
1094
9391
9466
9991
6673
7330
1074
7932
5025
6857
8379
3924
4299
4802
6203
1161
2758
4185
8750
6932
6376
4680
6578
4986
5792
6659
9399
7008
9656
9401
1188
2118
2428
4345
1287
5068
6532
9779
2544
2380
6393
8560
6436
7408
5585
3933
1204
7255
2491
9784
9126
4221
8816
5106
2184
2659
7679
1391
7689
1130
2168
6304
1102
4182
1369
1247
1179
9346
1635
3963
9925
7111
3940
2806
2692
9547
6224
7283
8325
3071
2160
9396
6052
4527
2939
9086
1423
1030
5216
2157
9596
8111
2196
1502
4562
9691
3875
6596
7040
5122
1006
6387
1217
4901
1275
6636
7826
9510
1781
7973
2014
1830
2952
3407
3122
6898
7931
4617
8847
1496
8221
1120
4481
4615
1029
8719
3047
6951
3293
2470
1754
2178
9068
3645
6016
5925
7676
2274
3690
8036
1679
5687
5847
2075
1424
2640
5626
6348
5144
1632
3264
9510
5525
5528
5308
8409
2748
8018
3311
5372
8454
3444
2214
1280
8854
1495
1523
4060
6921
8537
9775
9035
4848
7001
7666
6988
1872
6970
2825
4228
8863
1001
9172
1990
8418
7748
1135
4970
3470
7895
3122
8413
1485
6249
3951
1407
3117
5930
1066
6263
2952
3835
3042
3822
2452
6595
9474
1563
7249
8831
5958
4731
1465
1946
4250
9569
1193
8219
6679
6144
3692
2176
3919
5600
1633
8259
3477
8673
6691
5262
3271
9039
6925
1426
7571
3745
3914
1720
7216
4783
1581
1744
6036
8488
1861
1593
4726
8395
5217
7677
8655
1159
6198
5546
1808
1233
7297
1848
1809
6208
7840
8438
5965
6703
9849
2014
4503
2320
6690
7782
5119
1539
2362
8932
1187
7105
8115
1104
8684
8629
9403
5732
4662
7196
7271
1396
4313
1050
4897
6249
4535
4761
1398
7821
1367
1096
7465
1622
2686
3148
9055
1485
8402
6810
9354
1165
5976
7453
9616
1859
8532
9286
1108
8874
7317
3747
6957
9664
7103
1672
1741
4366
6542
5701
7081
9909
8616
4710
4794
7418
1699
1637
6197
6723
9715
7062
7881
1149
3172
5449
7427
4839
3010
4636
9042
7425
6558
3116
4782
8038
1237
5383
1027
5782
2666
5254
5606
6911
1739
1008
4356
2302
4992
5455
7120
7212
2522
7519
8633
5024
9065
7055
1371
2382
7584
1178
9611
1533
5271
5031
8434
9310
4096
1317
6380
9595
1304
4927
7271
3303
3836
8193
5974
1109
9132
6906
6066
1504
5731
7150
1939
2340
1345
3166
3051
8171
7510
5334
6001
2969
1827
3584
4539
2339
2081
2710
1324
7405
5664
1396
1089
8274
8774
3319
4284
2992
7926
4881
5885
9027
7156
7190
1308
4445
6882
1771
8613
7746
9643
6561
3328
2067
9863
1382
7660
1166
6674
5817
7747
1343
1929
4835
1463
6705
1577
7998
7961
8519
3035
4868
4544
9672
1305
2653
6510
1984
1199
6044
4774
8934
4424
2110
2617
7167
3530
8257
2532
4228
7833
2250
6997
1293
3294
9216
1681
2221
3961
2363
8166
8668
5286
7236
9992
5335
5510
4408
4051
1600
6231
4027
9833
5085
1135
5654
5230
1168
1528
4262
5546
1577
5707
7644
1022
2008
3221
1128
8578
1969
2993
1005
3128
8583
3683
6153
1497
1326
3250
1398
5639
2845
8173
1362
4004
3433
6442
3228
1031
6559
4812
4663
2902
8043
3122
6534
8579
1757
2371
1037
7325
5489
3933
6000
2769
9968
7903
1729
2748
9637
8291
3292
1161
1651
1694
1433
3999
1626
1842
5444
1494
9430
8587
1075
5939
7517
1378
9530
2752
7938
7323
1511
1372
3018
1839
2775
2568
2454
3738
1074
4123
6301
1538
1630
1598
7681
2025
5112
6583
9267
4137
1668
2932
3917
1391
5555
5201
9477
1886
2215
8540
4060
1156
8296
5474
5827
9918
5512
7563
6139
2749
1632
6526
1812
3573
2469
5290
9611
6732
5139
3551
7285
1671
8742
9225
5818
1051
1161
1252
2967
9599
5215
1456
4607
1368
3021
7155
8101
6961
7510
1578
4293
6354
1191
8556
4187
2391
5853
6026
1108
7978
4225
9431
2385
2324
5560
2562
9130
2766
6634
5004
6387
7124
3537
6670
6729
2067
2708
1059
1005
2302
9971
4300
9014
7769
7357
5479
3491
1264
8910
9040
2928
3181
8799
1505
3959
6785
1684
9448
5911
2407
8925
9068
6191
1824
1646
4513
4369
1573
5873
1244
5578
1949
4513
2462
1768
7148
1273
3195
8559
8526
6288
7175
1485
1739
8772
4829
1643
5156
1267
1246
3003
1704
1174
2837
5263
5586
8851
7155
5764
6305
6268
3619
3622
1133
6080
8506
4124
1177
3353
5393
4259
1662
2040
1289
3096
8373
1945
8837
2720
6521
1023
5231
6754
9798
7122
6427
4228
2647
1504
8083
6265
2468
1418
6713
5882
6825
9096
2022
3153
7982
1166
9221
8180
1478
1497
8260
1351
1800
1281
6731
3325
7417
2507
5615
4235
4483
2162
9983
9005
3558
6525
5823
2887
2855
3298
1071
1527
3106
9903
7449
2746
5898
1070
6403
3444
9326
3755
9224
1203
1543
2629
7361
6376
3491
1453
9581
3144
1343
6559
8417
2488
6160
2016
1531
2132
3669
7649
6806
4157
5220
7565
7186
9235
4721
6198
3706
7908
2185
4995
1448
9022
1149
2432
6597
1721
9797
7158
1147
8148
2570
5236
1703
5310
1309
5288
3588
6744
1720
1247
5520
4173
1788
9580
8912
1849
9822
9242
1369
7144
6089
5774
8758
1021
7707
5786
8710
1466
1283
5227
7994
6661
3664
1249
1225
3799
6892
2735
1066
1308
5990
6487
3778
6920
1989
7232
6872
1466
5922
7248
6722
9403
6233
7445
1660
1892
2427
2423
3210
3062
3461
3025
1037
5059
6562
5933
3592
1298
8067
2072
7587
4516
8281
6926
8899
2279
1505
2056
8602
9350
2078
7876
7158
5504
5308
1951
1909
2289
5313
4904
6907
1150
9725
6321
1075
4971
5482
5275
6608
9401
3461
4665
3472
1697
9160
1289
6095
9792
1390
5068
8096
9758
8418
1014
4917
2150
2762
7659
2001
1575
4952
3837
9084
2757
3004
1878
1943
5746
8234
3960
4318
1209
2132
6810
3558
2217
2624
4278
4368
6160
4422
2246
6138
3605
4326
8169
1640
7378
3571
1262
8679
1167
6206
6750
3317
8155
5785
7265
3071
2291
5754
9099
6777
1501
7126
1099
8856
3130
8323
1616
2174
1627
9747
1546
8163
9001
7825
6892
6792
3183
1357
4157
2365
2601
7440
6116
3531
1661
3189
3797
6087
3102
7490
1454
7059
9636
1083
1758
4340
9461
1654
6916
6132
3368
3281
1336
1762
9635
1073
3201
8581
6879
5869
3730
7684
6714
1128
1695
1686
9820
1771
3549
1194
1482
4246
6473
9143
3962
3688
5244
2774
2936
3614
2365
9471
9641
5272
3447
8562
1210
4232
1531
2546
3611
8696
8872
6093
1074
8920
1119
1374
1945
5738
7596
1795
1464
6128
2886
3604
2235
4180
4029
4067
5683
7198
1897
2515
1091
2889
1512
1163
6948
7340
5888
3931
3138
2090
1076
8388
1902
1307
4597
3011
1531
5249
1589
1483
6693
1039
1275
1803
1247
3704
1295
5243
8244
2220
7262
4807
3010
6803
5560
4142
7195
4101
3738
7457
6020
4084
7804
3932
3158
9541
1762
1256
1208
4302
1699
2263
9047
3733
4187
4177
1226
3265
1878
1983
8136
5887
2019
6735
6470
2350
9019
8229
3973
1835
5820
7747
1184
6716
9698
1877
5849
6052
6674
2599
1009
6819
6210
1267
6786
1122
5314
7441
9242
7697
1944
1501
7838
7872
3308
1964
1488
3367
8763
3350
3100
4328
7037
7558
5102
1452
4180
9185
5849
3015
9400
2582
4910
8204
9553
3078
3899
9774
8884
1878
1010
2855
2465
8131
3771
2028
5004
3845
5228
7776
3483
1524
3600
9462
2982
7198
2312
5479
5300
2922
3234
2014
5164
9406
1044
9261
1862
2162
2075
4314
8813
2576
1353
9599
1860
9383
1038
7926
1283
3097
6365
3095
6183
9288
3878
4525
5633
3401
9097
1546
1197
1940
1092
9974
3092
1105
3305
1855
8737
3454
4561
5047
2565
6572
8020
8681
1216
5511
1851
1223
2283
5523
9996
4927
5918
9481
5151
7373
4931
1450
9548
5122
3467
1333
7396
8351
1771
3283
1158
7961
3680
2123
5497
1011
4420
3971
4994
2080
2579
1240
8910
5546
6170
5586
4164
3964
4603
1425
5597
9705
1949
2215
8091
2138
8862
5739
1514
4571
1390
9788
2956
9342
4721
3037
1391
6685
9812
4461
8875
8979
8641
4375
4226
1342
4145
1658
8168
1442
2948
9452
1175
8990
9521
6994
2934
1237
8597
7922
1497
4779
1348
3123
9437
1318
1757
8462
1456
6221
1438
4098
8702
2111
7053
4754
7607
6502
3392
1923
4890
2968
2799
8945
7705
5399
2669
2140
7743
5715
8255
4001
2075
4221
2613
1356
8319
2769
6031
1189
1052
6783
7230
7974
9155
1072
5019
8385
5688
1035
4464
7208
7480
3660
2357
6894
8008
7048
9662
8361
8407
9567
8317
7666
1326
1269
5790
6160
4232
1388
1402
1236
9834
4236
6167
7744
9384
7995
7262
1676
7848
8300
9161
4020
8890
7444
1394
5944
3781
4597
8126
2957
9630
6378
3094
9427
4667
5591
1816
2359
9138
8997
8946
2555
8258
3421
2557
8421
7632
1015
8861
6122
7364
5299
5158
5677
5253
6935
1329
3122
9762
4250
6399
7912
4867
4864
1117
6278
4511
8631
2008
2325
9583
4130
9363
4991
2819
2132
9879
5862
2675
3824
7771
6600
1430
9700
2033
3741
4144
9662
1521
1137
6710
6060
6512
7439
2062
1657
8448
5646
8306
3997
3625
1601
4251
1247
3544
1058
1569
4287
5151
1542
2732
8680
4076
8103
7490
7740
3532
9904
5980
3101
2507
9612
6443
1035
2442
1252
7154
2597
4935
2674
2716
8338
3427
8934
9949
2804
4441
8206
8355
1359
2424
1154
8952
9984
4273
6628
9221
1475
1267
9569
7813
2421
7804
8272
8988
3731
8863
1669
4017
6447
2861
2510
3901
3000
7713
6939
6926
3053
1025
3266
1671
9496
1386
1004
5775
1775
1378
6467
1493
1049
4736
1905
2365
2126
4235
7365
1081
7226
1601
6572
8012
3154
2220
2687
1048
1273
1669
9220
6996
1132
9134
9741
4460
1896
3262
1324
1676
3736
1902
3740
9796
3890
3495
9834
9463
2083
1453
3874
1254
1316
2997
1115
7519
9661
1576
7430
7116
4405
3900
4818
3164
7116
9957
3821
1107
3304
3530
4102
6791
1375
4342
4431
9212
8459
2440
2978
7813
3770
1020
5045
6926
6423
1263
1968
5362
5777
1778
3615
2359
1184
2059
1124
1137
8594
1651
1122
9859
3380
7704
1449
9549
5158
6938
9301
9842
7809
2565
6436
8295
2701
6413
4247
9241
6617
1797
1647
8655
1517
7015
7454
8408
3419
6634
6404
1060
1564
5786
9938
9040
4003
8486
2009
2093
2458
2004
7750
6702
1478
3423
1295
3966
7502
6421
1090
1372
2030
8422
1862
5698
1123
1188
7263
5115
8223
1311
5058
2285
2647
1027
1782
1023
5977
2122
5419
4218
3699
2171
7071
6330
3405
1481
1848
8183
1303
6955
9491
9604
8821
1402
1165
5381
1606
1456
1507
1693
1389
8416
9867
8806
6797
1792
5488
2457
4865
1443
9917
1871
4081
6854
6489
6087
3832
2299
9332
5328
1344
8442
3716
4120
2266
8202
1685
1086
1570
1258
9601
3862
2804
3300
2586
7816
7935
9624
1923
7724
6979
4140
2517
5354
3896
1033
1672
1098
8632
6084
2028
1650
6741
9410
3342
4034
3827
2950
1351
9061
9693
2635
1137
7458
5650
6819
4832
6543
9636
9482
9044
9382
7645
6196
7425
2627
1343
1311
1566
2752
1421
2922
2293
2693
7662
8260
1141
8429
8731
9331
1559
1201
3576
2946
6096
5336
5004
1915
5639
1311
6059
6529
2322
6836
5182
8609
2022
3209
4218
1339
9263
4829
1104
7300
8938
2900
3730
8231
1512
9962
1897
9223
8183
4942
1863
3873
9409
9111
9350
1004
7516
3150
2758
7555
1371
5548
1359
5167
4197
8980
3557
6426
2132
8891
7827
1677
7480
3021
3372
5226
4786
4525
9076
1291
5138
1479
1197
2015
6062
4976
5546
6216
1653
6271
8870
9183
8695
1423
6889
6716
2080
6013
4076
7946
1132
1734
3898
9158
3510
7944
5340
4098
5020
2047
1797
9062
4673
3497
9732
1500
4761
5094
5923
3340
7743
8640
2289
4883
5358
1288
4054
7893
3856
1556
5049
3867
9142
5662
8383
2451
8879
4723
2354
1936
2080
8387
8182
6891
4787
8803
1145
8659
4231
7140
6606
9875
1657
1538
9386
3194
1159
1137
1763
7187
9761
2053
7456
8924
5411
2816
7776
3353
9703
7663
3581
7554
4105
9396
2946
1032
3779
5100
1572
1577
2392
3017
2896
1434
3175
1451
4874
1172
8945
2859
3711
6520
8305
2380
7429
4159
7648
2274
2630
6687
3751
2499
9429
7598
5017
3572
6546
6122
7800
1918
1431
1608
5990
1887
1534
2767
6021
9342
6181
2874
2381
3820
7526
3944
1077
1512
6535
6994
5227
8257
2237
3171
8493
1512
7516
1383
2055
7191
2493
1271
4676
3022
3214
3815
4451
9418
3236
7815
2398
1898
4788
3848
4320
1679
1206
7067
2397
8183
9273
6789
2650
1774
6553
1103
2801
1989
3673
3887
1417
2806
1311
4452
6463
1897
7908
4697
6504
9778
3540
6129
1089
8231
7460
8767
6553
9640
6113
2180
8613
1332
1693
7838
9801
8016
3252
4493
1619
6227
1237
7015
7069
1106
7948
4247
3346
9918
8021
2827
7400
4082
1107
6100
8082
1962
1358
7882
7028
4987
4451
3358
4230
2296
6528
3488
3498
7786
5683
1565
8156
1717
6498
8457
1621
1787
5131
9364
9930
9845
5275
1764
1531
5504
4420
7714
1306
7382
3320
7554
9762
5465
8104
9889
1769
8412
3297
5589
9004
9617
5784
9170
3267
9747
1307
5932
9601
7673
3622
2827
5641
4778
7194
6852
7156
5868
4251
2822
5584
5522
9241
1348
5221
9810
3918
1815
1954
2436
9706
7638
3336
1827
5937
6700
7687
6365
7384
4098
2261
2548
9568
8468
9612
1226
7548
3950
1495
3070
7013
3369
9715
1541
8544
6795
3298
1542
4903
7212
2351
5537
4920
4399
1184
3863
3062
6306
3239
5293
6265
1493
7134
9840
1108
3183
9893
2211
3179
4329
7167
2527
5318
8624
6257
2083
1445
3245
9533
7045
7440
9801
4674
7702
9358
1091
5101
1347
7581
3521
8256
5469
1636
6072
7890
1122
5763
1636
8389
5718
2464
1164
9539
1994
1068
7873
5571
4573
5773
2142
5114
4859
1641
4752
1051
1058
4391
3773
2203
3683
1293
8712
1859
1166
7330
9961
2720
1378
4726
1867
9343
9557
7646
4853
1758
7030
2169
3982
1428
6171
7114
1823
1403
3393
3965
6086
7571
1711
3902
2520
1555
6999
2751
2898
4664
9270
8076
2990
3655
3150
4516
6430
6797
4717
8868
9676
7785
3897
1318
9292
8855
6974
3826
6226
7435
4816
2404
1567
2677
1261
1191
7580
2827
1187
2462
2379
4983
4860
1072
1755
1512
5796
1385
1252
4604
1098
1984
1472
1074
4008
5918
9976
5334
6375
2549
7206
4545
1370
8615
9078
1545
5459
4266
1703
3333
3846
9718
2460
6052
3057
4317
4497
8875
1314
3102
3458
3116
9837
5983
5896
9494
2063
7580
4412
2677
4014
9673
5878
4755
4925
6576
7688
3836
8585
3878
7329
5983
3315
6863
9700
5271
6971
8725
3000
9979
5229
5589
4081
5331
2993
1377
9740
3773
6352
1125
2637
7358
2176
8157
5931
6311
3617
2393
4410
1000
2192
9933
6517
8163
6990
8348
9727
1069
4731
2718
6594
8383
1578
8389
1353
1243
8344
2775
1240
2616
9666
5381
4968
8091
7055
1241
1897
2068
1128
9267
2317
1866
6786
1825
2497
9207
2691
1187
5061
3708
1131
6965
3576
1684
1137
2409
8139
1576
9205
1936
7257
1036
6308
9255
9402
1483
9437
8551
1966
2951
3697
1171
7113
9319
4075
3633
7708
9880
6938
2194
2065
4363
8854
1786
3391
2766
1365
2542
1237
6482
7449
4446
2292
9653
4120
3547
6349
2548
1708
6300
4332
6653
4249
9980
8560
6822
2433
8060
4325
2585
1842
9800
8840
6928
2194
3817
5019
6274
9385
4828
7722
2636
9073
8851
4783
2308
5546
6058
5091
1449
9329
1175
6546
2298
2682
1902
4267
3465
1926
6997
1817
3075
3864
4138
7680
4555
7279
7429
1607
1585
2686
9689
9537
2497
8168
6443
9322
5129
1495
8201
2165
6109
9538
1297
6779
5224
8562
3504
1148
2857
4126
5347
7275
5067
6112
1083
1031
5436
2941
3000
3103
1752
5940
2172
2925
9932
9736
8364
1700
9693
1508
2799
5052
5366
8342
1230
5388
6017
6050
6894
7809
6756
1291
5058
1810
9413
2297
2390
8623
2983
1534
4010
9511
8662
7173
9648
1335
1414
5989
4056
1202
4489
7862
1294
7995
1181
1304
3440
4707
4214
6934
6410
1848
8768
4032
1687
1545
2662
4897
4731
7933
7315
2365
9694
2163
9785
4089
1604
2367
3833
5038
8084
1616
2285
4572
9659
1517
6551
1696
1325
9921
9998
1147
8112
3673
3089
4771
1024
9167
8461
8659
1150
8688
4998
2130
3593
6836
7506
1866
5673
9656
3525
5380
4148
3674
3654
2440
2021
4888
1216
3651
1430
7396
4055
1335
5686
2575
8278
7679
8859
5743
7865
2329
5821
7417
2492
2432
8172
9180
6960
9612
1419
1508
6222
5211
6036
6713
3721
2015
4126
3458
8321
6255
1793
2810
1306
1388
5374
7692
3471
9727
4583
2331
9418
1329
5880
2243
7373
2367
1363
2652
1450
3549
7659
8813
5657
2797
4503
1144
6766
1526
6398
5627
5704
7529
3915
8070
1115
7546
6938
7778
4610
4313
2383
9068
7118
6520
4887
2614
3088
1087
5736
6625
6998
7467
7889
3898
7667
5262
8662
1039
4908
3604
2022
8286
5580
8209
2273
1667
4797
3924
1257
6349
1246
9971
8253
7413
1163
3478
1111
8086
2841
8014
1093
1686
9356
1347
4829
2849
4986
8802
7055
5660
3212
5397
6321
4889
2984
5749
8593
5090
3698
1032
9731
7562
1648
1566
9702
1117
9735
8954
5073
5433
7655
7407
5247
7769
9244
8287
4912
5358
7903
3231
1448
9913
4897
1283
9849
6750
1538
5154
1415
8552
8954
4339
1873
8680
9881
1986
9839
1564
2589
2417
8414
3320
2730
9604
7413
3219
5549
9092
1153
2115
7904
5470
2547
9734
1164
4029
1971
4307
1529
5219
2021
4273
1127
1365
7419
1430
7947
8948
3311
3962
1185
1174
5305
1629
4328
5315
1011
7711
2728
1858
6305
1310
4557
9914
1582
8851
4818
2912
7243
5640
3731
4251
2473
2363
9231
6473
6302
1258
4361
1265
8336
9929
1144
1047
5958
3296
1407
6984
1133
1682
3930
1698
1258
7977
9381
1271
5789
7032
8773
9041
1064
6175
2204
7400
9453
2591
2232
7860
3035
6561
6301
6255
6564
3961
1779
1896
7485
8692
7392
1544
2616
8318
1594
5989
7845
2026
1043
5024
7114
1293
8535
9168
7069
8605
3064
8532
1688
6095
7638
8719
1962
6162
7360
8608
1219
9767
1834
5123
9757
5338
8007
4133
1015
1095
9934
1238
1081
1632
8584
9027
6268
9975
4015
9050
6928
1747
1117
9605
8478
3220
7153
5455
9504
6944
7374
4616
9306
9714
2579
1071
5855
5940
2665
2158
3521
1442
4678
3424
1985
2275
8311
1057
4236
1919
7506
4480
2561
4303
9159
3236
7981
3863
7437
7498
3091
2059
6150
3628
7350
6809
1150
7034
8097
6182
4092
4616
1194
2358
2681
4975
7807
1882
8730
1625
8552
9470
7184
1366
9962
3902
6151
5138
2477
9431
6889
1032
1275
8229
7959
8961
5412
9514
4360
7728
